ID	log2FC	log2CPM	PValue	FDR	level	MeanA	MeanB
Polynucleobacter	-5.898	17.367	1.88E-41	2.69E-38	Depleted	0.044	2.633
Streptomyces	-5.366	16.315	3.33E-33	2.37E-30	Depleted	0.044	1.804
Fluviicola	-3.836	16.085	7.91E-33	2.96E-30	Depleted	0.133	1.893
Salinirepens	-5.907	16.528	8.30E-33	2.96E-30	Depleted	0.032	1.9
Rhodoluna	-5.458	16.602	2.71E-29	7.75E-27	Depleted	0.04	1.777
Gryllotalpicola	-7.705	15.999	4.06E-28	9.65E-26	Depleted	0.001	0.261
Corynebacterium	-4.03	14.25	1.04E-27	2.11E-25	Depleted	0.012	0.204
Pseudarcicella	-6.671	17.617	1.49E-27	2.66E-25	Depleted	0.027	2.759
Demequina	-7.016	17.58	1.70E-27	2.70E-25	Depleted	0.036	4.692
Agromyces	-6.296	14.966	2.59E-27	3.69E-25	Depleted	0.011	0.851
Sediminibacterium	-3.26	17.053	6.46E-27	8.38E-25	Depleted	0.32	3.067
Limnohabitans	-2.235	17.926	1.03E-26	1.22E-24	Depleted	1.221	5.747
Marinoscillum	-5.502	17.944	6.16E-25	6.76E-23	Depleted	0.061	2.774
Algoriphagus	-3.469	16.921	1.26E-23	1.28E-21	Depleted	0.18	1.994
Rhizobium	4.602	18.012	2.05E-23	1.95E-21	Enriched	0.892	0.037
Noviherbaspirillum	-3.543	15.565	1.33E-22	1.19E-20	Depleted	0.039	0.452
Acidothermus	-4.328	13.425	3.35E-20	2.81E-18	Depleted	0.007	0.134
Eoetvoesia	-4.939	12.967	5.04E-20	4.00E-18	Depleted	0.003	0.09
Cerasicoccus	-7.406	17.022	3.33E-19	2.50E-17	Depleted	0.008	1.342
Ponticaulis	-7.874	18.372	5.41E-19	3.86E-17	Depleted	0.008	1.857
Undibacterium	-2.234	17.624	1.25E-18	8.50E-17	Depleted	0.205	0.964
Glaciihabitans	-5.892	12.667	6.46E-18	4.19E-16	Depleted	0.002	0.099
Solitalea	-1.922	15.707	1.68E-17	1.04E-15	Depleted	0.182	0.688
Pelagicoccus	-5.275	14.358	3.34E-17	1.99E-15	Depleted	0.005	0.21
Parasegetibacter	-2.349	16.27	5.62E-17	3.21E-15	Depleted	0.132	0.671
Exiguobacterium	6.066	18.151	2.07E-16	1.14E-14	Enriched	1.663	0.025
Actinomadura	-3.897	13.054	4.63E-16	2.45E-14	Depleted	0.007	0.099
Sutterella	-7.876	18.402	5.04E-16	2.57E-14	Depleted	0.008	1.762
Phaeocystidibacter	-6.024	14.943	5.29E-16	2.60E-14	Depleted	0.005	0.352
Blastomonas	3.797	14.773	4.62E-15	2.20E-13	Enriched	0.496	0.036
Erythrobacter	6.113	17.505	6.23E-14	2.87E-12	Enriched	1.573	0.023
Halomonas	7.456	16.942	6.46E-14	2.88E-12	Enriched	0.491	0.003
Armatimonas/Armatimonadetes_gp1	-3.14	15.233	1.60E-13	6.93E-12	Depleted	0.03	0.264
Simkania	-5.927	14.01	1.87E-12	7.84E-11	Depleted	0.002	0.101
Actinoplanes	-3.899	13.214	2.71E-12	1.11E-10	Depleted	0.004	0.056
Acinetobacter	1.967	18.016	5.88E-12	2.33E-10	Enriched	2.694	0.689
Opitutus	-0.955	13.824	9.80E-12	3.78E-10	Depleted	0.112	0.216
Peredibacter	-2.12	14.01	1.25E-11	4.71E-10	Depleted	0.032	0.14
Parcubacteria_genera_incertae_sedis	-4.276	15.341	1.30E-11	4.77E-10	Depleted	0.014	0.274
Aquabacterium	3.213	19.561	1.44E-11	5.15E-10	Enriched	6.698	0.722
Methylovorus	-3.928	13.721	1.55E-11	5.41E-10	Depleted	0.009	0.133
Bacillus	5.806	18.096	1.90E-11	6.45E-10	Enriched	1.663	0.03
Pseudoclavibacter	-4.029	12.667	2.15E-11	7.13E-10	Depleted	0.005	0.075
Propionivibrio	-1.521	16.349	2.38E-11	7.72E-10	Depleted	0.265	0.759
Erythromicrobium	2.127	16.315	2.99E-11	9.48E-10	Enriched	0.704	0.161
Trueperella	-18.057	11.551	3.84E-11	1.19E-09	Depleted	0	0.027
Flavobacterium	-1.785	18.969	5.46E-11	1.66E-09	Depleted	3.431	11.822
Hymenobacter	6.862	15.44	6.56E-11	1.95E-09	Enriched	0.122	0.001
Devosia	3.219	14.848	7.97E-11	2.32E-09	Enriched	0.244	0.026
Aquimonas	4.148	17.214	9.76E-11	2.79E-09	Enriched	0.465	0.026
Legionella	-2.869	12.426	1.23E-10	3.45E-09	Depleted	0.007	0.052
Polaromonas	-1.539	14.095	1.43E-10	3.92E-09	Depleted	0.057	0.165
Taibaiella	-2.563	13.213	1.57E-10	4.22E-09	Depleted	0.019	0.113
Pseudomonas	2.88	19.303	1.81E-10	4.79E-09	Enriched	8.549	1.162
Subdivision3_genera_incertae_sedis	-0.197	15.116	2.22E-10	5.76E-09	Depleted	0.181	0.207
Jeotgalibacillus	9.014	15.92	2.26E-10	5.77E-09	Enriched	0.181	0
Yersinia	3.79	14.288	2.85E-10	7.14E-09	Enriched	0.111	0.008
Phenylobacterium	3.885	16.288	8.52E-10	2.10E-08	Enriched	0.233	0.016
Deinococcus	5.807	17.323	8.74E-10	2.11E-08	Enriched	0.313	0.006
Lysobacter	4.364	15.824	9.59E-10	2.28E-08	Enriched	0.31	0.015
Pontibacter	6.692	17.297	1.05E-09	2.45E-08	Enriched	0.362	0.003
Paracoccus	2.494	18.558	1.49E-09	3.42E-08	Enriched	1.396	0.248
Burkholderia	-0.939	15.624	1.55E-09	3.52E-08	Depleted	0.241	0.463
Psychrobacter	5.667	15.012	1.69E-09	3.77E-08	Enriched	0.142	0.003
Hydrotalea	-1.434	15.921	1.86E-09	4.07E-08	Depleted	0.084	0.226
Pseudohongiella	-2.665	13.214	2.33E-09	5.04E-08	Depleted	0.018	0.114
Viridibacillus	-3.266	15.175	2.66E-09	5.66E-08	Depleted	0.012	0.112
Crocinitomix	-1.863	13.135	3.22E-09	6.69E-08	Depleted	0.027	0.1
Azospira	5.567	16.358	3.23E-09	6.69E-08	Enriched	0.381	0.008
Caldicoprobacter	-2.736	14.011	6.19E-09	1.26E-07	Depleted	0.02	0.136
Desulfonema	-1.5	11.288	6.97E-09	1.40E-07	Depleted	0.019	0.054
Adhaeribacter	7.027	14.666	9.60E-09	1.90E-07	Enriched	0.091	0.001
Congregibacter	-2.366	12.136	1.21E-08	2.36E-07	Depleted	0.009	0.045
Massilia	3.32	16.799	1.25E-08	2.42E-07	Enriched	0.552	0.055
Mycobacterium	-2.72	17.297	1.43E-08	2.73E-07	Depleted	0.169	1.115
Limisphaera	-6.19	12.287	1.64E-08	3.08E-07	Depleted	0	0.03
Luteimonas	2.742	13.426	2.04E-08	3.78E-07	Enriched	0.133	0.02
Stenotrophomonas	4.181	14.01	3.07E-08	5.62E-07	Enriched	0.057	0.003
Kitasatospora	-6.051	13.358	3.24E-08	5.86E-07	Depleted	0.001	0.055
Sphingomonas	1.659	17.504	4.10E-08	7.31E-07	Enriched	1.085	0.344
Propionispira	9.979	18.821	4.52E-08	7.97E-07	Enriched	1.765	0.002
Litorivivens	22.206	18.284	4.74E-08	8.25E-07	Enriched	0.484	0
Methylophilus	-0.782	15.536	4.87E-08	8.37E-07	Depleted	0.172	0.295
Lechevalieria	-2.521	12.966	5.73E-08	9.73E-07	Depleted	0.015	0.088
Azoarcus	-2.508	16.074	7.32E-08	1.23E-06	Depleted	0.093	0.531
Tetrasphaera	-2.829	14.666	8.31E-08	1.38E-06	Depleted	0.012	0.089
Acholeplasma	-6.276	14.458	8.71E-08	1.43E-06	Depleted	0.001	0.097
Methylomonas	-1.774	13.288	1.71E-07	2.75E-06	Depleted	0.023	0.078
Ralstonia	4.523	16.26	1.71E-07	2.75E-06	Enriched	0.161	0.007
Albimonas	19.459	15.638	2.02E-07	3.17E-06	Enriched	0.072	0
Microvirga	5.086	12.288	2.02E-07	3.17E-06	Enriched	0.024	0.001
Ensifer	4.06	13.425	2.13E-07	3.30E-06	Enriched	0.035	0.002
Phreatobacter	2.328	12.873	2.19E-07	3.36E-06	Enriched	0.049	0.01
Desulfovibrio	3.543	14.214	2.48E-07	3.76E-06	Enriched	0.151	0.013
Gracilimonas	-4.8	13.053	3.49E-07	5.25E-06	Depleted	0.002	0.058
Candidatus_Pelagibacter	-6.76	15.305	5.00E-07	7.43E-06	Depleted	0.002	0.226
Amnibacterium	-17.326	13.136	5.58E-07	8.15E-06	Depleted	0	0.016
Nitrosospira	-2.242	13.667	5.60E-07	8.15E-06	Depleted	0.023	0.108
Draconibacterium	-4.317	14.25	7.05E-07	1.02E-05	Depleted	0.005	0.1
Pandoraea	-1.666	14.799	7.24E-07	1.03E-05	Depleted	0.067	0.212
Rubrivirga	20.819	15.116	8.47E-07	1.20E-05	Enriched	0.185	0
Armatimonadetes_gp4	4.953	14.053	1.10E-06	1.53E-05	Enriched	0.032	0.001
Altererythrobacter	3.599	16.694	1.18E-06	1.64E-05	Enriched	0.869	0.072
Arenimonas	-0.258	14.873	1.40E-06	1.92E-05	Depleted	0.26	0.312
Rathayibacter	-4.352	12.288	1.62E-06	2.21E-05	Depleted	0.001	0.026
Myroides	21.809	18.413	1.72E-06	2.30E-05	Enriched	0.368	0
Xanthomonas	20.484	16.458	1.72E-06	2.30E-05	Enriched	0.147	0
Aridibacter	2.957	13.609	1.86E-06	2.46E-05	Enriched	0.079	0.01
Sandaracinobacter	5.33	13.824	2.18E-06	2.85E-05	Enriched	0.056	0.001
Lactobacillus	4.525	13.214	2.35E-06	3.02E-05	Enriched	0.024	0.001
Rhodococcus	2.055	14.848	2.36E-06	3.02E-05	Enriched	0.068	0.016
Mogibacterium	-5.069	11.551	2.37E-06	3.02E-05	Depleted	0	0.014
Sanguibacter	-5.554	11.551	2.39E-06	3.02E-05	Depleted	0	0.02
Herpetosiphon	7.975	17.72	2.68E-06	3.36E-05	Enriched	0.264	0.001
Desulfosarcina	6.725	17.652	2.77E-06	3.44E-05	Enriched	0.259	0.002
Kocuria	6.086	14.288	2.81E-06	3.46E-05	Enriched	0.095	0.001
Nocardioides	4.487	16.908	3.16E-06	3.86E-05	Enriched	0.306	0.014
Blastocatella	3.863	16.105	3.36E-06	4.06E-05	Enriched	0.092	0.006
Papillibacter	8.328	16.799	3.42E-06	4.11E-05	Enriched	0.337	0.001
Marinobacterium	-2.027	13.136	3.64E-06	4.33E-05	Depleted	0.02	0.083
Salinimicrobium	5.926	15.458	3.71E-06	4.37E-05	Enriched	0.064	0.001
Chromobacterium	5.442	12.666	3.77E-06	4.41E-05	Enriched	0.03	0.001
Bdellovibrio	-1.375	13.489	3.93E-06	4.56E-05	Depleted	0.05	0.131
Halothiobacillus	-6.454	13.92	4.26E-06	4.90E-05	Depleted	0.001	0.073
Brumimicrobium	-2.325	13.053	4.30E-06	4.91E-05	Depleted	0.015	0.077
Lysinimicrobium	-18.838	12.967	4.60E-06	5.18E-05	Depleted	0	0.047
Desulfatitalea	-2.885	10.967	4.61E-06	5.18E-05	Depleted	0.002	0.015
Siccibacter	-0.076	17.086	4.97E-06	5.55E-05	Depleted	0.27	0.284
Spirochaeta	-4.52	12.425	5.34E-06	5.91E-05	Depleted	0.001	0.029
Croceicoccus	5.539	14.176	5.53E-06	6.07E-05	Enriched	0.065	0.001
Eubacterium	3.51	15.095	5.58E-06	6.08E-05	Enriched	0.127	0.011
Serinicoccus	17.61	12.966	7.04E-06	7.39E-05	Enriched	0.02	0
Thalassobacillus	16.931	10.966	7.04E-06	7.39E-05	Enriched	0.012	0
Flavisolibacter	19.253	15.811	7.05E-06	7.39E-05	Enriched	0.062	0
Fulvimarina	19.602	14.214	7.05E-06	7.39E-05	Enriched	0.08	0
Catalinimonas	18.234	12.666	7.05E-06	7.39E-05	Enriched	0.031	0
Agrococcus	-5.863	17.761	7.30E-06	7.60E-05	Depleted	0.02	1.164
Hahella	6.94	13.551	7.46E-06	7.71E-05	Enriched	0.043	0
Filimonas	-1.797	13.966	7.63E-06	7.83E-05	Depleted	0.015	0.051
Lewinella	2.873	17.26	1.01E-05	0.000103372	Enriched	0.748	0.102
Loktanella	3.512	13.874	1.26E-05	0.000127104	Enriched	0.084	0.007
Haloactinobacterium	-17.654	12.772	1.29E-05	0.000129956	Depleted	0	0.021
Kyrpidia	18.451	13.61	1.42E-05	0.000140507	Enriched	0.036	0
Rubricoccus	20.117	14.666	1.42E-05	0.000140507	Enriched	0.114	0
Arcobacter	-0.102	16.666	1.65E-05	0.000162278	Depleted	0.734	0.788
Siphonobacter	1.04	16.341	1.76E-05	0.000171787	Enriched	0.113	0.055
Longispora	-5.629	11.966	1.81E-05	0.000175237	Depleted	0	0.021
Rickettsia	-0.759	14.799	1.90E-05	0.000183492	Depleted	0.075	0.127
Sulfuricurvum	-1.218	13.824	1.96E-05	0.000187597	Depleted	0.022	0.051
Bosea	1.248	14.721	2.21E-05	0.000209807	Enriched	0.139	0.058
Thermomarinilinea	-2.021	13.721	2.40E-05	0.000226745	Depleted	0.01	0.041
Leeuwenhoekiella	17.806	12.288	2.84E-05	0.000266981	Enriched	0.023	0
Prosthecobacter	0.412	15.233	3.25E-05	0.000303154	Enriched	0.212	0.159
Naumannella	-3.747	12.136	3.55E-05	0.000324533	Depleted	0.002	0.028
Alysiella	-6.996	16.759	3.57E-05	0.000324533	Depleted	0.003	0.372
Shinella	1.126	13.92	3.58E-05	0.000324533	Enriched	0.068	0.031
Tepidiphilus	-17.094	11.551	3.59E-05	0.000324533	Depleted	0	0.014
Desertibacter	-16.679	10.551	3.59E-05	0.000324533	Depleted	0	0.01
Fusibacter	5.031	15.195	3.95E-05	0.000354026	Enriched	0.16	0.005
Cohaesibacter	4.06	13.214	3.97E-05	0.000354026	Enriched	0.035	0.002
Planctopirus	2.713	11.288	4.25E-05	0.000376606	Enriched	0.023	0.003
Owenweeksia	-5.361	11.551	4.99E-05	0.000439901	Depleted	0	0.017
Fusobacterium	-1.162	12.552	5.64E-05	0.000485943	Depleted	0.019	0.042
Gynuella	-1.955	11.966	5.69E-05	0.000485943	Depleted	0.009	0.034
Sporomusa	18.451	13.425	5.69E-05	0.000485943	Enriched	0.036	0
Nioella	17.025	11.288	5.69E-05	0.000485943	Enriched	0.013	0
Alcaligenes	20.296	16.861	5.69E-05	0.000485943	Enriched	0.129	0
Aurantimonas	5.207	12.873	5.87E-05	0.000498954	Enriched	0.026	0.001
Insolitispirillum	-18.371	12.772	5.97E-05	0.000504279	Depleted	0	0.034
Tumebacillus	5.575	12.773	6.25E-05	0.000524368	Enriched	0.017	0
Arenibacter	6.319	14.095	6.41E-05	0.000534585	Enriched	0.028	0
Megamonas	5.574	12.424	6.51E-05	0.000540224	Enriched	0.017	0
Clostridium_XlVa	3.542	14.666	6.64E-05	0.000547606	Enriched	0.073	0.006
Idiomarina	-1.605	13.054	7.10E-05	0.000582465	Depleted	0.02	0.061
Nitrososphaera	-2.069	10.966	7.45E-05	0.00060649	Depleted	0.003	0.014
Oscillibacter	3.422	11.287	7.48E-05	0.00060649	Enriched	0.011	0.001
Maribacter	-3.843	13.358	8.61E-05	0.000694243	Depleted	0.004	0.06
Xanthobacter	2.712	12.965	9.32E-05	0.000746983	Enriched	0.037	0.006
Gp25	-16.579	10.966	9.88E-05	0.000780172	Depleted	0	0.01
Spongiivirga	-18.231	12.772	9.89E-05	0.000780172	Depleted	0	0.031
Joostella	-18.499	13.135	9.90E-05	0.000780172	Depleted	0	0.037
Tangfeifania	-1.86	12.874	0.000100834	0.000790602	Depleted	0.018	0.065
Solirubrobacter	-1.203	12.966	0.000109946	0.000856403	Depleted	0.036	0.083
Aureimonas	4.955	12.873	0.000110993	0.000856403	Enriched	0.022	0.001
Maribius	7.462	14.58	0.000111026	0.000856403	Enriched	0.123	0.001
Fictibacillus	16.347	11.551	0.000113362	0.000856582	Enriched	0.008	0
Wohlfahrtiimonas	17.579	13.873	0.000113426	0.000856582	Enriched	0.02	0
Salegentibacter	19.133	15.721	0.000113442	0.000856582	Enriched	0.058	0
Methylonatrum	19.31	14.721	0.000113451	0.000856582	Enriched	0.065	0
Truepera	4.226	13.721	0.000117215	0.000880346	Enriched	0.065	0.003
Haliea	-0.512	14.011	0.000118961	0.000888783	Depleted	0.096	0.137
Clostridium_XVIII	-3.271	16.861	0.000128501	0.00095506	Depleted	0.012	0.113
Pelagibacterium	4.159	12.135	0.000132877	0.00098246	Enriched	0.012	0.001
Clostridium_III	2.332	14.175	0.000141912	0.00104386	Enriched	0.062	0.012
Rhodopirellula	3.027	17.617	0.000150054	0.001098085	Enriched	0.558	0.069
Fodinicola	3.837	11.551	0.000163178	0.001188039	Enriched	0.02	0.001
Nisaea	-5.712	12.773	0.000172108	0.001246692	Depleted	0.001	0.044
Cellvibrio	-1.137	16.053	0.000196002	0.001412602	Depleted	0.21	0.462
Brevifollis	0.211	14.746	0.000212903	0.001526694	Enriched	0.113	0.098
Colwellia	-3.673	12.551	0.000219402	0.001556669	Depleted	0.002	0.027
Amorphus	-0.642	15.175	0.000219976	0.001556669	Depleted	0.125	0.194
Williamsia	15.609	9.965	0.000225447	0.001556669	Enriched	0.005	0
Alkaliphilus	17.752	13.287	0.000225783	0.001556669	Enriched	0.022	0
Temperatibacter	17.194	12.425	0.000225783	0.001556669	Enriched	0.015	0
Jatrophihabitans	16.417	11.551	0.000225796	0.001556669	Enriched	0.009	0
Xenophilus	16.932	11.288	0.000225801	0.001556669	Enriched	0.013	0
Shuttleworthia	20.967	16.693	0.00022581	0.001556669	Enriched	0.205	0
Microbacterium	4.399	14.966	0.000228362	0.001566695	Enriched	0.074	0.003
Pedobacter	-0.379	15.848	0.000252375	0.001723157	Depleted	0.188	0.244
Erysipelothrix	7.96	15.01	0.000253683	0.001723836	Enriched	0.087	0
Mesonia	5.538	13.053	0.000264226	0.001786969	Enriched	0.016	0
Sinobacterium	-16.859	11.288	0.000269912	0.001816813	Depleted	0	0.012
Thiohalophilus	-1.595	11.551	0.000281974	0.001889094	Depleted	0.008	0.025
Ruminococcus	-1.435	14.58	0.000286926	0.001907779	Depleted	0.036	0.097
Methyloparacoccus	-1.099	12.872	0.000287437	0.001907779	Depleted	0.012	0.026
Ilumatobacter	-2.465	15.954	0.000298022	0.001968877	Depleted	0.151	0.833
Gp3	3.15	15.68	0.000318021	0.002091319	Enriched	0.18	0.02
Mycetocola	-6.307	14.358	0.000344519	0.002255175	Depleted	0.001	0.099
Deefgea	2.973	14.323	0.000347826	0.002266429	Enriched	0.14	0.018
Carboxydothermus	3.382	11.55	0.000355479	0.002305765	Enriched	0.015	0.001
Pirellula	2.487	13.774	0.000368682	0.002380587	Enriched	0.073	0.013
Oceanibaculum	-5.975	12.135	0.000378407	0.00243237	Depleted	0	0.026
Gemmiger	4.599	13.053	0.000385163	0.002464698	Enriched	0.025	0.001
Haematobacter	1.319	14.551	0.000394628	0.002513989	Enriched	0.074	0.03
Rubellimicrobium	2.828	14.458	0.000405551	0.00256272	Enriched	0.06	0.008
Ruegeria	3.219	14.799	0.000405869	0.00256272	Enriched	0.088	0.009
Defluviicoccus	-5.3	12.287	0.00041467	0.002606756	Depleted	0	0.016
Geobacter	-0.264	13.666	0.000423512	0.002650663	Depleted	0.072	0.087
Methylobacter	-0.292	14.289	0.000428546	0.002670458	Depleted	0.102	0.124
Hydrobacter	-16.816	11.773	0.000444465	0.002736854	Depleted	0	0.012
Coprococcus	16.112	11.772	0.00044871	0.002736854	Enriched	0.007	0
Sporolituus	16.725	11.773	0.000448764	0.002736854	Enriched	0.011	0
Butyrivibrio	17.382	11.966	0.000448781	0.002736854	Enriched	0.017	0
Proteus	19.133	15.323	0.00044879	0.002736854	Enriched	0.057	0
Selenomonas	6.868	16.01	0.000472051	0.002866457	Enriched	0.245	0.002
Mesorhizobium	2.365	15.566	0.000487757	0.002949279	Enriched	0.155	0.03
Spartobacteria_genera_incertae_sedis	2.818	17.709	0.000497377	0.002994752	Enriched	0.676	0.096
Propionibacterium	3.501	10.551	0.000518024	0.003105965	Enriched	0.008	0.001
Cellulophaga	6.923	14.579	0.000523114	0.003114182	Enriched	0.042	0
Rheinheimera	-0.2	17.815	0.000523759	0.003114182	Depleted	1.798	2.065
Pleomorphomonas	5.007	11.55	0.00053147	0.00314692	Enriched	0.011	0
Acetoanaerobium	3.192	10.967	0.000545734	0.003218029	Enriched	0.01	0.001
Kineosporia	3.713	13.214	0.000555305	0.003260991	Enriched	0.018	0.001
Chitinimonas	-1.302	13.667	0.000579219	0.00338748	Depleted	0.027	0.067
Halioglobus	-2.059	13.823	0.00059667	0.003475296	Depleted	0.025	0.102
Nitrolancea	3.49	13.358	0.000613784	0.003560448	Enriched	0.028	0.002
Subsaxibacter	-5.447	11.966	0.000644774	0.00372507	Depleted	0	0.018
Romboutsia	-1.138	12.667	0.000674098	0.003875939	Depleted	0.035	0.078
Desulfobacca	3.651	14.053	0.00067632	0.003875939	Enriched	0.057	0.005
Tindallia	-15.679	9.967	0.000730924	0.004172113	Depleted	0	0.005
Bryobacter	3.603	12.288	0.00074669	0.004245128	Enriched	0.021	0.002
Leptospira	-1.232	11.551	0.000773868	0.004382181	Depleted	0.008	0.02
Gramella	6.301	17.368	0.000793041	0.004473002	Enriched	0.413	0.005
Haliscomenobacter	-0.174	15.747	0.000806512	0.004531074	Depleted	0.328	0.37
Aquamicrobium	3.486	15.074	0.000848812	0.004750018	Enriched	0.078	0.007
Lacinutrix	15.832	9.966	0.000890667	0.004834831	Enriched	0.006	0
Pelosinus	16.417	11.773	0.000890914	0.004834831	Enriched	0.009	0
Ureibacillus	15.932	10.551	0.000890984	0.004834831	Enriched	0.006	0
Kriegella	16.548	11.967	0.00089102	0.004834831	Enriched	0.01	0
Nubsella	17.725	13.55	0.00089102	0.004834831	Enriched	0.022	0
Marixanthomonas	17.112	12.288	0.000891055	0.004834831	Enriched	0.014	0
Acidithiobacillus	18.174	14.799	0.000891073	0.004834831	Enriched	0.03	0
Microscilla	19.102	15.053	0.000891073	0.004834831	Enriched	0.056	0
Desulfobacter	3.06	11.55	0.000898487	0.004856597	Enriched	0.012	0.001
Blautia	5.135	13.136	0.000958545	0.005161145	Enriched	0.025	0.001
Luteolibacter	-0.913	15.34	0.000962064	0.005161145	Depleted	0.122	0.229
Cereibacter	1.691	12.288	0.000987825	0.005279498	Enriched	0.035	0.011
Chelativorans	2.494	12.136	0.000993743	0.005291311	Enriched	0.022	0.004
Terrimonas	-0.792	15.137	0.001017046	0.005395259	Depleted	0.222	0.385
Thermovenabulum	8.654	16.653	0.001024475	0.00541454	Enriched	0.141	0
Nitritalea	4.34	10.551	0.001040699	0.005476314	Enriched	0.007	0
Dasania	-5.14	12.136	0.001043838	0.005476314	Depleted	0	0.015
Pseudoruegeria	5.144	14.58	0.001069119	0.005588396	Enriched	0.111	0.003
Pantoea	5.392	16.76	0.001127015	0.005869525	Enriched	0.117	0.003
Roseburia	3.731	13.549	0.001157434	0.00598673	Enriched	0.032	0.002
Microcella	2.11	14.666	0.00115791	0.00598673	Enriched	0.056	0.013
Rhodobacter	-0.123	14.823	0.001186584	0.006112834	Depleted	0.27	0.294
Mycoplasma	-16.295	10.966	0.001200567	0.006141417	Depleted	0	0.008
Rhodothalassium	-16.472	10.966	0.001200739	0.006141417	Depleted	0	0.009
Pseudohaliea	-2.721	12.136	0.001249552	0.006368253	Depleted	0.003	0.019
Ochrobactrum	5.067	15.306	0.001268783	0.006443253	Enriched	0.082	0.002
Fangia	-3.995	11.551	0.001338245	0.006771902	Depleted	0.001	0.013
Methylotenera	-0.772	15.271	0.001400425	0.007061505	Depleted	0.164	0.28
Oscillochloris	-4.646	15.624	0.001451797	0.007294771	Depleted	0.002	0.063
Alteromonas	4.306	15.681	0.001477612	0.00739843	Enriched	0.118	0.006
Oligoflexus	-1.201	11.774	0.00152417	0.00760486	Depleted	0.01	0.022
Beijerinckia	1.243	14.551	0.001650815	0.008208057	Enriched	0.06	0.025
Pseudoxanthomonas	2.933	15.707	0.001697868	0.008409245	Enriched	0.15	0.02
Gemmobacter	0.751	14.323	0.001703064	0.008409245	Enriched	0.121	0.072
Salinarimonas	4.808	12.425	0.001764621	0.008471719	Enriched	0.02	0.001
Proteiniclasticum	17.548	13.214	0.001768761	0.008471719	Enriched	0.019	0
Hoppeia	15.832	10.551	0.001768936	0.008471719	Enriched	0.006	0
Anoxybacillus	15.725	11.288	0.001768971	0.008471719	Enriched	0.005	0
Pseudobacteriovorax	16.195	10.967	0.001769006	0.008471719	Enriched	0.007	0
Oceanimonas	15.931	10.965	0.001769006	0.008471719	Enriched	0.006	0
Ulvibacter	16.112	11.551	0.001769076	0.008471719	Enriched	0.007	0
Mooreia	16.832	11.773	0.001769111	0.008471719	Enriched	0.012	0
Microvirgula	15.931	10.966	0.001769147	0.008471719	Enriched	0.006	0
Acidiphilium	1.253	12.136	0.00179316	0.008526194	Enriched	0.017	0.007
Vampirovibrio	-1.097	13.213	0.001795345	0.008526194	Depleted	0.03	0.063
Hyphomicrobium	1.35	16.835	0.001798447	0.008526194	Enriched	0.357	0.14
Thalassobaculum	-3.956	11.551	0.001857718	0.008778024	Depleted	0.001	0.013
Hoeflea	1.113	12.873	0.001886216	0.008883269	Enriched	0.049	0.023
Tahibacter	4.611	13.92	0.001908879	0.00896043	Enriched	0.034	0.001
Sideroxydans	-2.502	10.551	0.001923183	0.008997974	Depleted	0.002	0.009
Pusillimonas	-3.27	10.551	0.001948841	0.009088225	Depleted	0.001	0.008
Sulfitobacter	1.337	13.489	0.001962226	0.009098811	Enriched	0.052	0.021
Cesiribacter	-15.772	10.551	0.001968959	0.009098811	Depleted	0	0.006
Cystobacter	2.289	11.551	0.00197024	0.009098811	Enriched	0.017	0.003
Anaerosinus	5.98	12.872	0.001986151	0.009142701	Enriched	0.022	0
Aureibacter	-2.692	12.775	0.002033042	0.00932846	Depleted	0.004	0.027
Halorhodospira	-1.276	11.551	0.002106633	0.009635143	Depleted	0.015	0.035
Tolumonas	0.767	14.747	0.002140207	0.009757431	Enriched	0.157	0.092
Balneola	-3.519	11.287	0.002157001	0.009802677	Depleted	0.001	0.014
Nitrospira	-0.5	15.473	0.002208926	0.010006787	Depleted	0.117	0.165
Jannaschia	5.153	15.323	0.002311307	0.010437453	Enriched	0.174	0.005
Tenacibaculum	3.349	14.665	0.002355056	0.010601466	Enriched	0.064	0.006
Prevotella	4.27	17.466	0.00245588	0.011020569	Enriched	0.452	0.023
Arthrobacter	0.138	16.433	0.002622675	0.011732153	Enriched	0.356	0.324
Rivicola	-0.206	14.666	0.002818996	0.012570959	Depleted	0.126	0.145
Salinispirillum	-2.139	10.551	0.002926033	0.012999599	Depleted	0.002	0.007
Desulfatirhabdium	-4.069	9.966	0.002933336	0.012999599	Depleted	0	0.007
Pelagicola	-17.881	12.874	0.003232477	0.014236867	Depleted	0	0.024
Motilibacter	-18.001	12.667	0.003232477	0.014236867	Depleted	0	0.026
Neoasaia	-3.791	10.966	0.003420719	0.015019586	Depleted	0.001	0.012
Desulfothermus	16.417	11.551	0.003515962	0.015168496	Enriched	0.009	0
Cobetia	15.609	10.551	0.003516032	0.015168496	Enriched	0.005	0
Rufibacter	17.272	13.551	0.003516172	0.015168496	Enriched	0.016	0
Acidaminococcus	16.347	11.966	0.003516172	0.015168496	Enriched	0.008	0
Methylovulum	20.008	14.873	0.003516242	0.015168496	Enriched	0.105	0
Segetibacter	5.443	13.823	0.003518411	0.015168496	Enriched	0.03	0.001
Parvularcula	3.668	11.773	0.003593203	0.015444278	Enriched	0.013	0.001
Thiolapillus	-2.239	10.966	0.003634462	0.015574707	Depleted	0.003	0.016
Acidimicrobium	-3.379	12.287	0.003706846	0.015837335	Depleted	0.002	0.022
Cloacibacterium	2.636	15.506	0.003746788	0.015960199	Enriched	0.4	0.064
Pseudorhodobacter	0.058	13.965	0.003786714	0.016082263	Enriched	0.084	0.08
Phascolarctobacterium	4.896	12.424	0.003934643	0.016613245	Enriched	0.01	0
Micrococcus	6.791	14.287	0.003935022	0.016613245	Enriched	0.039	0
Nitratireductor	4.253	10.966	0.003965651	0.016693167	Enriched	0.007	0
Chlorobium	10.445	19.107	0.004122912	0.017304106	Enriched	0.488	0
Sandaracinus	2.533	11.55	0.004207914	0.017609071	Enriched	0.014	0.002
Roseateles	1.201	17.55	0.004664969	0.019464653	Enriched	1.262	0.549
Marinimicrobium	5.029	13.873	0.004688101	0.019504142	Enriched	0.057	0.002
Aeromonas	1.837	18.261	0.004709968	0.019538151	Enriched	2.674	0.749
Parafilimonas	-3.447	9.966	0.004918073	0.020342291	Depleted	0	0.005
Victivallis	-15.093	9.965	0.005299636	0.021607283	Depleted	0	0.003
Tamlana	-15.472	10.551	0.005302292	0.021607283	Depleted	0	0.005
Aerococcus	-15.472	9.966	0.005302823	0.021607283	Depleted	0	0.005
Geopsychrobacter	-16.527	11.551	0.005303506	0.021607283	Depleted	0	0.009
Arachidicoccus	-17.13	12.551	0.005303658	0.021607283	Depleted	0	0.014
Limimonas	-6.148	14.458	0.005314756	0.021607283	Depleted	0.001	0.059
Sporobacter	3.191	11.549	0.005332625	0.02161834	Enriched	0.01	0.001
Afifella	-1.561	11.967	0.005512219	0.022283107	Depleted	0.013	0.038
Mariniphaga	1.401	15.175	0.005656189	0.022800512	Enriched	0.124	0.047
Flavihumibacter	1.272	13.92	0.005679273	0.022829079	Enriched	0.066	0.027
Cetobacterium	1.021	14.251	0.005845069	0.023429533	Enriched	0.06	0.029
Lacibacter	-2.139	13.92	0.006681405	0.026706906	Depleted	0.012	0.051
Succinispira	3.776	12.134	0.006777044	0.026940771	Enriched	0.01	0.001
Dietzia	4.463	12.136	0.006777671	0.026940771	Enriched	0.015	0.001
Rhodoferax	-0.229	16.759	0.006806738	0.026981152	Depleted	0.466	0.546
Octadecabacter	3.501	10.551	0.006870289	0.027157626	Enriched	0.008	0.001
Litorimonas	14.832	9.966	0.007007629	0.027399138	Enriched	0.003	0
Phaeospirillum	15.025	9.966	0.007007909	0.027399138	Enriched	0.003	0
Ornithinimicrobium	15.725	11.774	0.007008049	0.027399138	Enriched	0.005	0
Sneathiella	15.61	10.966	0.007008189	0.027399138	Enriched	0.005	0
Luteibacter	3.112	11.966	0.007059087	0.027522723	Enriched	0.012	0.001
Bauldia	2.713	9.967	0.007100895	0.027610291	Enriched	0.005	0.001
Carboxylicivirga	1.078	11.773	0.007159491	0.027762482	Enriched	0.042	0.02
Cruoricaptor	4.183	12.666	0.007180977	0.027770338	Enriched	0.025	0.001
Phycisphaera	-1.442	15.954	0.00730043	0.028155981	Depleted	0.026	0.071
Parachlamydia	-1.894	11.288	0.007400888	0.028466489	Depleted	0.003	0.011
Asinibacterium	2.668	10.966	0.007447406	0.028568408	Enriched	0.007	0.001
Methylorosula	-1.027	11.773	0.007596836	0.029063498	Depleted	0.006	0.012
Magnetovibrio	-4.554	11.773	0.007702979	0.029302056	Depleted	0	0.01
Bacteriovorax	-0.192	13.92	0.007717934	0.029302056	Depleted	0.039	0.045
Peptostreptococcaceae_incertae_sedis	5.112	13.288	0.007720794	0.029302056	Enriched	0.012	0
Gp4	3.284	15.638	0.007783076	0.029460077	Enriched	0.119	0.012
Thermoflavifilum	4.981	12.873	0.007963082	0.029989992	Enriched	0.022	0.001
Coxiella	-3.702	11.773	0.007965107	0.029989992	Depleted	0.001	0.011
Granulibacter	-3.654	10.551	0.008012351	0.0300353	Depleted	0	0.005
Thiohalomonas	-0.63	12.967	0.008019236	0.0300353	Depleted	0.032	0.05
Desulforegula	1.668	13.772	0.008075921	0.030168428	Enriched	0.033	0.01
Mesoflavibacter	4.896	12.873	0.008335865	0.031003509	Enriched	0.01	0
Enhydrobacter	1.969	10.549	0.00834292	0.031003509	Enriched	0.01	0.002
Hydrogenophaga	0.288	18.398	0.008367477	0.031014001	Enriched	2.012	1.648
Mariniradius	2.628	13.721	0.008400577	0.031056018	Enriched	0.035	0.006
Ahrensia	2.253	12.551	0.008438501	0.031115611	Enriched	0.013	0.003
Granulosicoccus	2.399	12.287	0.008476725	0.031175997	Enriched	0.013	0.002
Desulfatiglans	-1.023	11.287	0.008685565	0.031783721	Depleted	0.008	0.016
Thalassococcus	0.253	15.489	0.008708566	0.031783721	Enriched	0.266	0.223
Promicromonospora	-14.772	8.967	0.008708784	0.031783721	Depleted	0	0.003
Brevundimonas	1.157	15.375	0.009065091	0.032999705	Enriched	0.397	0.178
Desulfosoma	1.575	9.966	0.00925371	0.03360062	Enriched	0.006	0.002
Zunongwangia	4.526	12.965	0.009434659	0.034170706	Enriched	0.024	0.001
Bradymonas	1.748	12.425	0.009669214	0.034931564	Enriched	0.013	0.004
Gemella	-2.834	9.967	0.009832627	0.035432217	Depleted	0.001	0.006
Gp1	-2.41	9.967	0.010062881	0.036105122	Depleted	0.001	0.007
Anaeroarcus	4.176	13.489	0.01008214	0.036105122	Enriched	0.038	0.002
Aquaspirillum	-0.171	14.49	0.010095265	0.036105122	Depleted	0.065	0.073
Alsobacter	1.186	11.965	0.010248087	0.036543257	Enriched	0.017	0.008
Asticcacaulis	4.208	13.668	0.010268988	0.036543257	Enriched	0.026	0.001
Acetobacteroides	4.953	13.053	0.010647267	0.037795151	Enriched	0.032	0.001
Aquibacter	-5.659	15.61	0.010844062	0.038398206	Depleted	0.004	0.189
Ruminococcus2	2.915	11.288	0.011101032	0.039128815	Enriched	0.008	0.001
Desulfomicrobium	2.575	12.773	0.011105235	0.039128815	Enriched	0.033	0.006
Trichococcus	1.461	14.01	0.011212162	0.039408265	Enriched	0.056	0.02
Niabella	-0.788	14.012	0.011570242	0.040520414	Depleted	0.051	0.088
Desulfocapsa	2.767	11.965	0.011585374	0.040520414	Enriched	0.017	0.002
Staphylococcus	2.803	12.286	0.011695235	0.040804646	Enriched	0.017	0.002
Anderseniella	3.909	14.425	0.011924989	0.041504779	Enriched	0.026	0.002
Humitalea	-9.289	15.552	0.01238273	0.042993078	Depleted	0	0.261
Sedimentibacter	-5.033	11.773	0.012464524	0.043172028	Depleted	0	0.014
Pseudofulvimonas	2.838	11.966	0.012550548	0.043364725	Enriched	0.02	0.003
Umboniibacter	-4.554	11.551	0.012713768	0.043822576	Depleted	0	0.01
Methylophaga	1.819	12.551	0.012922574	0.04443497	Enriched	0.031	0.009
Aquicella	-3.554	9.967	0.012967044	0.0444807	Depleted	0	0.005
Aciditerrimonas	-3.103	13.721	0.01311178	0.044869327	Depleted	0.012	0.104
Reichenbachiella	-1.701	11.287	0.014033001	0.04574273	Depleted	0.003	0.011
Muricauda	15.194	9.966	0.014039034	0.04574273	Enriched	0.004	0
Thalassobius	14.609	9.964	0.014039034	0.04574273	Enriched	0.002	0
Boseongicola	16.195	12.136	0.014039034	0.04574273	Enriched	0.007	0
Archangium	17.069	13.136	0.014039034	0.04574273	Enriched	0.014	0
Brachybacterium	15.484	11.288	0.0140396	0.04574273	Enriched	0.005	0
Mitsuokella	14.609	9.966	0.0140396	0.04574273	Enriched	0.002	0
Actinoallomurus	15.61	11.288	0.014039883	0.04574273	Enriched	0.005	0
Parasphingopyxis	15.025	10.551	0.014039883	0.04574273	Enriched	0.003	0
Planktomarina	15.194	10.551	0.014039883	0.04574273	Enriched	0.004	0
Tepidanaerobacter	16.78	11.773	0.014039883	0.04574273	Enriched	0.011	0
Herbiconiux	15.025	10.55	0.014039883	0.04574273	Enriched	0.003	0
Hippea	15.61	10.966	0.014039883	0.04574273	Enriched	0.005	0
Catenovulum	15.195	10.551	0.014039883	0.04574273	Enriched	0.004	0
Pseudobutyrivibrio	17.858	12.966	0.014039883	0.04574273	Enriched	0.024	0
Lysinimonas	15.025	10.551	0.014039883	0.04574273	Enriched	0.003	0
Pseudozobellia	15.025	10.551	0.014040165	0.04574273	Enriched	0.003	0
Castellaniella	17.024	13.213	0.014040165	0.04574273	Enriched	0.013	0
Gaetbulimicrobium	17.417	13.136	0.014040165	0.04574273	Enriched	0.017	0
Kushneria	14.832	9.966	0.014040165	0.04574273	Enriched	0.003	0
Desulfurobacterium	16.346	12.55	0.014040165	0.04574273	Enriched	0.008	0
Vulgatibacter	-3.271	11.773	0.014300826	0.046389227	Depleted	0.001	0.008
Chishuiella	-15.231	10.55	0.014335711	0.046389227	Depleted	0	0.004
Chromatium	-14.579	8.967	0.014336124	0.046389227	Depleted	0	0.002
Lutimonas	-4.554	13.358	0.014835582	0.047896778	Depleted	0.001	0.029
Geofilum	1.238	13.773	0.015025635	0.04840086	Enriched	0.04	0.017
Methylothermus	3.838	10.966	0.0152557	0.048923525	Enriched	0.005	0
Komagataeibacter	6.953	14.551	0.01525646	0.048923525	Enriched	0.043	0
Roseibacillus	4.253	11.966	0.015486834	0.049550924	Enriched	0.007	0
Photobacterium	3.838	10.551	0.015602974	0.049810835	Enriched	0.005	0
Ammoniphilus	2.421	8.967	0.015764658	0.050214658	Enriched	0.004	0.001
Dorea	3.836	10.551	0.015960334	0.050724716	Enriched	0.005	0
Enterococcus	4.5	12.666	0.016197054	0.051362657	Enriched	0.008	0
Nitriliruptor	-3.433	12.873	0.016445023	0.051999868	Depleted	0.003	0.036
Heliimonas	3.931	12.873	0.016470876	0.051999868	Enriched	0.027	0.002
Salinimonas	2.575	13.288	0.016555416	0.052151388	Enriched	0.023	0.004
Steroidobacter	-1.62	14.61	0.017355464	0.054551078	Depleted	0.069	0.213
Dysgonomonas	2.675	15.489	0.017393651	0.054551078	Enriched	0.056	0.009
Sphingobium	2.467	14.666	0.017617663	0.055132469	Enriched	0.135	0.024
Sulfurospirillum	3.252	12.136	0.017763596	0.055467509	Enriched	0.017	0.002
Hwanghaeicola	6.518	16.433	0.018011722	0.056119491	Enriched	0.288	0.003
Cytophaga	1.155	13.966	0.0181333	0.056375204	Enriched	0.059	0.027
Pseudolabrys	1.521	11.773	0.018327921	0.056856397	Enriched	0.022	0.008
Salisaeta	5.534	15.116	0.018411825	0.056992787	Enriched	0.146	0.003
Alkalilimnicola	-1.436	12.136	0.018511676	0.057177838	Depleted	0.004	0.01
Proteiniborus	-1.262	10.55	0.018604222	0.057339579	Depleted	0.003	0.007
Sterolibacterium	-0.369	11.551	0.01864675	0.057346793	Depleted	0.011	0.014
Clostridium_IV	2.073	14.175	0.019627852	0.060234289	Enriched	0.047	0.011
Emticicia	-0.519	14.873	0.019789539	0.06051832	Depleted	0.064	0.092
Comamonas	3.894	16.26	0.019805225	0.06051832	Enriched	0.208	0.014
Oligella	-6.947	15.307	0.02055908	0.062687622	Depleted	0.001	0.103
Syntrophobacter	2.06	11.287	0.021034663	0.06400099	Enriched	0.009	0.002
Pedomicrobium	2.344	14.323	0.021159244	0.064243066	Enriched	0.041	0.008
Dokdonella	-0.155	13.874	0.021261675	0.064417008	Depleted	0.047	0.052
Acidisoma	-1.707	11.967	0.021381501	0.0646428	Depleted	0.004	0.012
Parvibaculum	1.128	12.774	0.021640286	0.065286868	Enriched	0.018	0.008
Nautella	1.727	11.551	0.022049286	0.066380446	Enriched	0.01	0.003
Methylococcus	-1.835	9.966	0.022764867	0.068362732	Depleted	0.002	0.006
Cellulomonas	1.178	13.214	0.022803546	0.068362732	Enriched	0.008	0.003
Reyranella	-0.816	14.392	0.023261017	0.069587989	Depleted	0.051	0.089
Arcticibacter	-1.377	12.551	0.023436585	0.069966543	Depleted	0.018	0.045
Gelidibacter	-3.455	13.965	0.023652208	0.070109722	Depleted	0.005	0.059
Kordia	-14.941	9.966	0.023680036	0.070109722	Depleted	0	0.003
Carboxydocella	-14.771	9.966	0.023680381	0.070109722	Depleted	0	0.003
Thioclava	-15.093	10.55	0.023681069	0.070109722	Depleted	0	0.003
Oxalophagus	-2.605	11.287	0.024131445	0.071295179	Depleted	0.002	0.01
Lelliottia	6.331	15.136	0.024479193	0.072173157	Enriched	0.141	0.002
WPS-1_genera_incertae_sedis	3.34	11.965	0.025096081	0.073839398	Enriched	0.007	0.001
Novosphingobium	0.489	15.908	0.025149877	0.073845421	Enriched	0.395	0.281
Aquimarina	-3.472	13.666	0.025410071	0.074456203	Depleted	0.004	0.042
Telmatocola	-2.162	9.966	0.025496188	0.074490383	Depleted	0.001	0.006
Gp17	1.165	12.287	0.025526137	0.074490383	Enriched	0.027	0.012
Vogesella	1.642	17.61	0.025758537	0.075015167	Enriched	1.079	0.346
Anaerovorax	2.838	10.551	0.026568967	0.07721775	Enriched	0.005	0.001
Derxia	2.686	11.964	0.026761398	0.077618933	Enriched	0.011	0.002
Diplorickettsia	-0.714	12.135	0.027598769	0.07941539	Depleted	0.009	0.015
Thioalbus	-0.499	12.873	0.02824097	0.07941539	Depleted	0.008	0.011
Oceanobacillus	14.025	8.966	0.028376706	0.07941539	Enriched	0.002	0
Corallibacter	14.347	9.966	0.028380191	0.07941539	Enriched	0.002	0
Anaplasma	14.347	9.966	0.028380191	0.07941539	Enriched	0.002	0
Muriicola	14.347	9.966	0.028380191	0.07941539	Enriched	0.002	0
Angiococcus	14.61	9.966	0.028381353	0.07941539	Enriched	0.002	0
Sinomicrobium	14.832	10.551	0.028381934	0.07941539	Enriched	0.003	0
Henriciella	15.347	11.288	0.028381934	0.07941539	Enriched	0.004	0
Persicitalea	14.025	8.967	0.028381934	0.07941539	Enriched	0.002	0
Salinicola	14.025	8.967	0.028381934	0.07941539	Enriched	0.002	0
Gp20	14.025	8.967	0.028381934	0.07941539	Enriched	0.002	0
Oceanibulbus	14.832	10.966	0.028381934	0.07941539	Enriched	0.003	0
Pseudospirillum	15.025	10.966	0.028381934	0.07941539	Enriched	0.003	0
Macellibacteroides	15.025	10.966	0.028381934	0.07941539	Enriched	0.003	0
Microlunatus	14.832	10.966	0.028381934	0.07941539	Enriched	0.003	0
Stappia	15.932	12.425	0.028382515	0.07941539	Enriched	0.006	0
Marvinbryantia	16.484	12.425	0.028382515	0.07941539	Enriched	0.009	0
Craurococcus	-0.956	11.288	0.028621685	0.079927874	Depleted	0.007	0.013
Bacteroides	1.517	17.25	0.029031319	0.080913461	Enriched	0.514	0.18
Labilithrix	1.021	11.966	0.029261887	0.081397102	Enriched	0.026	0.013
Modestobacter	1.274	13.214	0.029597176	0.082169592	Enriched	0.029	0.012
Morganella	5.867	14.136	0.030791812	0.085320224	Enriched	0.02	0
Marinicella	3.575	10.966	0.031017515	0.085779057	Enriched	0.004	0
Diaphorobacter	0.484	16.68	0.031133094	0.085932158	Enriched	0.65	0.465
Eudoraea	3.252	10.55	0.031243564	0.08607059	Enriched	0.003	0
Armatimonadetes_gp5	-1.016	14.094	0.033922375	0.09327019	Depleted	0.042	0.084
Sunxiuqinia	-0.698	13.72	0.035421726	0.09683227	Depleted	0.062	0.101
Spiribacter	-2.747	8.966	0.035426198	0.09683227	Depleted	0	0.003
Thermobrachium	-3.068	9.967	0.035439335	0.09683227	Depleted	0	0.003
Methanothrix	-2.069	10.965	0.035489332	0.09683227	Depleted	0.002	0.009
Amaricoccus	2.212	12.135	0.037102379	0.101040256	Enriched	0.015	0.003
Bellilinea	-1.52	12.873	0.037268588	0.101299572	Depleted	0.005	0.014
Oleispira	-14.093	8.966	0.039333301	0.105518922	Depleted	0	0.002
Rhodocista	-15.094	10.966	0.039336779	0.105518922	Depleted	0	0.003
Hellea	-14.357	9.966	0.039336779	0.105518922	Depleted	0	0.002
Pectobacterium	-14.094	8.967	0.039337939	0.105518922	Depleted	0	0.002
Plasticicumulans	-14.942	10.551	0.039337939	0.105518922	Depleted	0	0.003
Ferrovibrio	-14.094	8.967	0.039338519	0.105518922	Depleted	0	0.002
Entomoplasma	-16.816	13.824	0.039338519	0.105518922	Depleted	0	0.012
Methylobacterium	-0.364	13.668	0.039494431	0.105573419	Depleted	0.025	0.032
Desulforhopalus	-1.554	10.551	0.039506801	0.105573419	Depleted	0.003	0.007
Ferrovum	-1.863	9.966	0.040325086	0.107558686	Depleted	0.001	0.005
Imperialibacter	-1.206	11.288	0.04102639	0.109225109	Depleted	0.003	0.008
Simiduia	-1.554	9.966	0.042054453	0.111718143	Depleted	0.002	0.005
Barnesiella	-0.669	14.458	0.042119384	0.111718143	Depleted	0.02	0.031
Cecembia	3.204	14.799	0.042905027	0.113590861	Enriched	0.048	0.005
Belnapia	0.941	12.136	0.043928069	0.116083988	Enriched	0.024	0.013
Achromobacter	1.616	14.053	0.044374146	0.117046038	Enriched	0.038	0.012
Minicystis	1.953	9.966	0.044845942	0.118072248	Enriched	0.005	0.001
Aureispira	-1.747	12.136	0.045605684	0.119851401	Depleted	0.007	0.022
Desulfoprunum	1.892	13.213	0.047409626	0.124363119	Enriched	0.022	0.006
Vibrio	4.228	16.835	0.047709059	0.124892692	Enriched	0.288	0.015
Anaerostipes	3.5	11.55	0.047786552	0.124892692	Enriched	0.008	0.001
Desulfuromonas	-0.788	11.551	0.048695208	0.127034848	Depleted	0.015	0.025
Mameliella	1.92	14.92	0.048944529	0.127452269	Enriched	0.151	0.04
Gp23	2.422	9.966	0.05015885	0.130376465	NotSig	0.004	0.001
Sulfurimonas	-0.138	13.823	0.050462652	0.130927643	NotSig	0.037	0.041
Sphingomicrobium	4.932	15.342	0.050809362	0.131587947	NotSig	0.224	0.007
Lactonifactor	3.55	14.053	0.052929035	0.136829227	NotSig	0.025	0.002
Neochlamydia	-1.717	11.967	0.05338851	0.137767456	NotSig	0.005	0.016
Marichromatium	0.536	13.136	0.056207249	0.143892204	NotSig	0.012	0.008
Microgenomates_genera_incertae_sedis	-1.817	10.966	0.056264761	0.143892204	NotSig	0.002	0.007
Smithella	-1.333	10.551	0.056503431	0.143892204	NotSig	0.003	0.007
Thioalkalivibrio	-0.061	15.885	0.056601647	0.143892204	NotSig	0.046	0.048
Oceanobacter	-2.554	8.967	0.056921858	0.143892204	NotSig	0	0.002
Hyphomonas	2.202	14.01	0.057035182	0.143892204	NotSig	0.116	0.025
Siansivirga	-3.604	11.287	0.057995157	0.143892204	NotSig	0.001	0.01
Cronobacter	13.61	8.966	0.058277992	0.143892204	NotSig	0.001	0
Meridianimaribacter	13.61	8.966	0.058281671	0.143892204	NotSig	0.001	0
Pseudahrensia	13.61	8.966	0.058281671	0.143892204	NotSig	0.001	0
Pricia	13.61	8.966	0.058281671	0.143892204	NotSig	0.001	0
Desulfopila	13.61	8.967	0.058281671	0.143892204	NotSig	0.001	0
Taonella	13.61	8.966	0.058281671	0.143892204	NotSig	0.001	0
Planctomicrobium	15.484	11.55	0.058282897	0.143892204	NotSig	0.005	0
Patulibacter	14.347	9.967	0.058282897	0.143892204	NotSig	0.002	0
Rhodanobacter	15.025	11.551	0.058282897	0.143892204	NotSig	0.003	0
Desulfonatronospira	14.832	10.966	0.058282897	0.143892204	NotSig	0.003	0
Streptacidiphilus	14.609	10.966	0.058282897	0.143892204	NotSig	0.002	0
Gluconacetobacter	15.725	11.773	0.058282897	0.143892204	NotSig	0.005	0
Halotalea	14.609	10.551	0.058282897	0.143892204	NotSig	0.002	0
Holdemania	15.025	10.966	0.058282897	0.143892204	NotSig	0.003	0
Delftia	15.832	12.425	0.058282897	0.143892204	NotSig	0.006	0
Pelagimonas	15.195	11.773	0.058282897	0.143892204	NotSig	0.004	0
Panacagrimonas	13.61	8.967	0.058282897	0.143892204	NotSig	0.001	0
Lunatimonas	15.832	12.425	0.058282897	0.143892204	NotSig	0.006	0
Roseomonas	-0.327	14.214	0.058905782	0.145178844	NotSig	0.142	0.178
Celerinatantimonas	4.646	12.425	0.059472152	0.146322	NotSig	0.009	0
Intestinibacter	-1.554	9.965	0.059974947	0.146655972	NotSig	0.002	0.005
Ectothiorhodosinus	-3.447	12.551	0.06002479	0.146655972	NotSig	0.001	0.014
Reinekea	-2.654	10.551	0.060199919	0.146655972	NotSig	0.001	0.005
Mongoliicoccus	2.574	12.55	0.060263392	0.146655972	NotSig	0.015	0.002
Mangrovibacterium	3.575	10.551	0.060324134	0.146655972	NotSig	0.004	0
Sporosarcina	5.297	13.666	0.060324767	0.146655972	NotSig	0.014	0
Thiohalocapsa	5.327	16.823	0.060327299	0.146655972	NotSig	0.182	0.005
BRC1_genera_incertae_sedis	2.575	8.967	0.060752323	0.14708838	NotSig	0.002	0
Nocardiopsis	2.838	9.966	0.060752323	0.14708838	NotSig	0.003	0
Thermomonas	1.204	16.543	0.060814397	0.14708838	NotSig	0.278	0.121
Methyloceanibacter	2.128	9.966	0.061165368	0.147472365	NotSig	0.005	0.001
Robiginitalea	3.06	10.551	0.061179846	0.147472365	NotSig	0.003	0
Polyangium	4.624	15.053	0.06150207	0.14799908	NotSig	0.112	0.005
Vitreoscilla	3.421	11.287	0.062068184	0.149109929	NotSig	0.004	0
Lachnospiracea_incertae_sedis	4.261	15.52	0.062343235	0.149518986	NotSig	0.074	0.004
Methylobrevis	2.837	9.965	0.062951497	0.150724474	NotSig	0.002	0
Skermanella	1.559	12.136	0.063758559	0.152401113	NotSig	0.037	0.013
SR1_genera_incertae_sedis	-0.797	10.967	0.0644948	0.153657597	NotSig	0.006	0.01
Rubinisphaera	1.471	15.136	0.06449958	0.153657597	NotSig	0.187	0.067
Mangroviflexus	0.105	14.988	0.064741603	0.153911554	NotSig	0.069	0.064
Gaetbulibacter	2.915	11.773	0.064821895	0.153911554	NotSig	0.008	0.001
Francisella	-13.772	8.966	0.06593642	0.155033674	NotSig	0	0.001
Desulfarculus	-14.093	9.965	0.065945356	0.155033674	NotSig	0	0.002
Maricurvus	-13.773	8.967	0.065945356	0.155033674	NotSig	0	0.001
Conchiformibius	-15.356	10.967	0.065945356	0.155033674	NotSig	0	0.004
Amphritea	-15.472	11.288	0.065946349	0.155033674	NotSig	0	0.005
Lentibacter	-15.772	11.551	0.065946349	0.155033674	NotSig	0	0.006
Citreicella	-0.185	15.408	0.066649683	0.156429437	NotSig	0.12	0.136
Terrisporobacter	2.127	10.551	0.066887431	0.156729661	NotSig	0.005	0.001
Uliginosibacterium	0.897	14.323	0.067501964	0.157910332	NotSig	0.072	0.038
Pseudogulbenkiania	1.365	13.214	0.068163982	0.159198039	NotSig	0.028	0.011
Mucilaginibacter	0.702	14.747	0.072989263	0.170189018	NotSig	0.114	0.07
Gp16	-0.308	13.667	0.075368842	0.175450796	NotSig	0.041	0.051
Thiocapsa	0.267	14.55	0.076837807	0.178579074	NotSig	0.043	0.036
Ohtaekwangia	2.099	15.652	0.079490583	0.184444003	NotSig	0.093	0.022
Rhizorhapis	6.044	18.069	0.08144481	0.188671662	NotSig	1.108	0.017
Franconibacter	3.423	12.775	0.081962979	0.189498575	NotSig	0.023	0.002
Silanimonas	1.371	15.053	0.082067358	0.189498575	NotSig	0.201	0.078
Azorhizobium	-4.271	13.215	0.083053172	0.191465068	NotSig	0.002	0.04
Gemmatimonas	0.126	15.053	0.083189111	0.191469132	NotSig	0.236	0.216
Nannocystis	4.11	13.053	0.085336319	0.19609489	NotSig	0.012	0.001
Oceanococcus	2.575	10.551	0.087342734	0.200382768	NotSig	0.004	0.001
Pelagibius	-1.173	11.288	0.088007655	0.201584148	NotSig	0.007	0.015
Povalibacter	0.121	14.748	0.088302786	0.201936018	NotSig	0.156	0.144
Snuella	2.712	10.966	0.089381069	0.204074856	NotSig	0.005	0.001
Limnobacter	0.685	14.775	0.089556871	0.20414961	NotSig	0.082	0.051
Olsenella	-2.554	9.965	0.091048447	0.207218714	NotSig	0	0.002
Neptuniibacter	1.838	8.967	0.091448552	0.207797904	NotSig	0.003	0.001
Prolixibacter	-0.177	13.288	0.09168038	0.207993485	NotSig	0.041	0.046
Nitrosopumilus	-3.206	11.288	0.092170921	0.208774451	NotSig	0	0.004
Gimesia	1.838	10.551	0.092518558	0.209229766	NotSig	0.004	0.001
Gp9	-0.351	13.873	0.093936234	0.212099693	NotSig	0.061	0.078
Thiobacillus	1.816	17.742	0.094894604	0.213925117	NotSig	0.422	0.12
Thiorhodospira	-1.654	10.551	0.095259049	0.214407986	NotSig	0.002	0.005
Duganella	0.529	14.58	0.095699645	0.215060462	NotSig	0.074	0.051
Streptosporangium	1.021	10.966	0.097854751	0.21955775	NotSig	0.019	0.009
Ornithobacterium	0.625	13.288	0.103777933	0.232482121	NotSig	0.018	0.012
Lacibacterium	0.506	11.966	0.104747457	0.23428624	NotSig	0.023	0.016
Clostridium_sensu_stricto	2.324	16.624	0.106261497	0.237300713	NotSig	0.389	0.078
Chryseobacterium	0.767	16.323	0.108041464	0.240898701	NotSig	0.27	0.158
Euzebya	-13.357	8.966	0.112213049	0.246366169	NotSig	0	0.001
Lentisphaera	-13.357	8.966	0.112218299	0.246366169	NotSig	0	0.001
Vallitalea	-13.357	8.966	0.112218299	0.246366169	NotSig	0	0.001
Roseospirillum	-13.357	8.966	0.112218299	0.246366169	NotSig	0	0.001
Thermoanaerobacter	-13.357	8.966	0.112218299	0.246366169	NotSig	0	0.001
Flavivirga	-13.771	9.965	0.112218299	0.246366169	NotSig	0	0.001
Ilyobacter	-13.357	8.966	0.112218299	0.246366169	NotSig	0	0.001
Dissulfuribacter	-13.357	8.966	0.112218299	0.246366169	NotSig	0	0.001
Methylogaea	-13.357	8.967	0.112218299	0.246366169	NotSig	0	0.001
Aminicenantes_genera_incertae_sedis	-18.655	15.824	0.112220049	0.246366169	NotSig	0	0.041
Megasphaera	-0.301	12.967	0.11400734	0.249539312	NotSig	0.02	0.024
Polymorphobacter	2.225	15.232	0.114015159	0.249539312	NotSig	0.106	0.023
Saccharospirillum	0.119	13.053	0.116815021	0.253841383	NotSig	0.017	0.016
Pseudonocardia	2.254	8.967	0.117520625	0.253841383	NotSig	0.002	0
Lamprocystis	-1.595	13.359	0.117674042	0.253841383	NotSig	0.006	0.019
Chitinophaga	0.626	13.053	0.118031227	0.253841383	NotSig	0.042	0.027
Marispirillum	2.575	9.965	0.118331262	0.253841383	NotSig	0.002	0
Ferritrophicum	5.645	13.287	0.118332347	0.253841383	NotSig	0.017	0
Porphyrobacter	5.645	14.214	0.119141916	0.253841383	NotSig	0.017	0
Planosporangium	3.574	10.966	0.119962383	0.253841383	NotSig	0.004	0
Youngimonas	-3.229	14.213	0.120501864	0.253841383	NotSig	0.007	0.066
Desulfohalobium	2.837	10.551	0.120780684	0.253841383	NotSig	0.002	0
Desulfobacula	3.711	11.551	0.120783969	0.253841383	NotSig	0.005	0
Litoricola	3.252	10.966	0.120785064	0.253841383	NotSig	0.003	0
Haloferula	4.159	12.551	0.121608853	0.253841383	NotSig	0.006	0
Thermogutta	1.645	13.873	0.121778603	0.253841383	NotSig	0.061	0.02
Chitinilyticum	3.252	11.288	0.122440344	0.253841383	NotSig	0.003	0
Geminicoccus	-1.448	9.966	0.122830256	0.253841383	NotSig	0.002	0.005
Ekhidna	13.025	8.966	0.123231328	0.253841383	NotSig	0.001	0
Roseovarius	13.025	8.966	0.123231328	0.253841383	NotSig	0.001	0
Actinomycetospora	13.025	8.966	0.123231328	0.253841383	NotSig	0.001	0
Lentibacillus	14.832	11.551	0.123234059	0.253841383	NotSig	0.003	0
Tistlia	13.025	8.967	0.123234059	0.253841383	NotSig	0.001	0
Tepidamorphus	15.195	11.966	0.123234059	0.253841383	NotSig	0.004	0
Tepidisphaera	18.625	14.638	0.123234059	0.253841383	NotSig	0.04	0
Schlesneria	13.024	8.966	0.123234059	0.253841383	NotSig	0.001	0
Paludibacterium	15.609	11.551	0.123234059	0.253841383	NotSig	0.005	0
Gp21	13.609	9.965	0.123234059	0.253841383	NotSig	0.001	0
Maritalea	13.61	9.966	0.123234059	0.253841383	NotSig	0.001	0
Acetatifactor	14.831	11.55	0.123234059	0.253841383	NotSig	0.003	0
Sinomonas	13.61	9.966	0.123234059	0.253841383	NotSig	0.001	0
Brevibacterium	14.024	10.55	0.123234059	0.253841383	NotSig	0.002	0
Catenisphaera	14.609	11.287	0.123234059	0.253841383	NotSig	0.002	0
Desulfatiferula	13.025	8.967	0.123234059	0.253841383	NotSig	0.001	0
Eisenbergiella	13.61	9.966	0.123234059	0.253841383	NotSig	0.001	0
Candidatus_Cloacamonas	13.024	8.966	0.123234059	0.253841383	NotSig	0.001	0
Parasporobacterium	16.978	13.772	0.123234059	0.253841383	NotSig	0.013	0
Oceanicaulis	13.024	8.966	0.123234059	0.253841383	NotSig	0.001	0
Rehaibacterium	14.61	11.288	0.123234059	0.253841383	NotSig	0.003	0
Psychrobacillus	14.61	11.288	0.123234059	0.253841383	NotSig	0.002	0
Neisseria	13.025	8.967	0.123234059	0.253841383	NotSig	0.001	0
Hydrocarboniphaga	1.575	9.966	0.123274056	0.253841383	NotSig	0.002	0.001
Flavimarina	1.575	9.965	0.123274056	0.253841383	NotSig	0.002	0.001
Dyella	0.629	14.773	0.12395348	0.254102855	NotSig	0.118	0.076
Solimonas	0.838	10.966	0.124111091	0.254102855	NotSig	0.002	0.001
Nevskia	1.253	9.966	0.124113308	0.254102855	NotSig	0.002	0.001
Blastococcus	2.252	8.967	0.124113308	0.254102855	NotSig	0.002	0
Zoogloea	-1.259	16.233	0.127127956	0.259901997	NotSig	0.315	0.754
Leptonema	1.203	13.721	0.127468905	0.260226219	NotSig	0.023	0.01
Shewanella	-0.636	16.27	0.129385756	0.263762106	NotSig	0.158	0.245
Dialister	2.252	11.286	0.129834792	0.264299927	NotSig	0.007	0.001
Alishewanella	3.597	14.58	0.13036518	0.265001583	NotSig	0.055	0.005
Rhizomicrobium	1.438	13.966	0.130763713	0.265433596	NotSig	0.09	0.033
Portibacter	0.939	13.551	0.132105417	0.267776179	NotSig	0.132	0.069
Faecalibacterium	3.449	15.339	0.133070581	0.269334164	NotSig	0.092	0.008
Namhaeicola	-1.256	11.288	0.133251521	0.269334164	NotSig	0.005	0.013
Clostridium_XI	1.838	10.551	0.135284471	0.273056493	NotSig	0.006	0.002
Gp13	-1.794	13.873	0.137836096	0.277813713	NotSig	0.013	0.043
Perlucidibaca	3.814	13.288	0.138052096	0.277856617	NotSig	0.025	0.002
Lishizhenia	1.219	14.251	0.139164352	0.279700747	NotSig	0.035	0.015
Caulobacter	0.141	13.873	0.141024422	0.283040578	NotSig	0.114	0.103
Hirschia	0.619	13.824	0.141611036	0.283818747	NotSig	0.076	0.05
Methylosoma	4.368	15.341	0.143094587	0.286389867	NotSig	0.065	0.003
Thiolamprovum	4.768	15.812	0.146064445	0.291924318	NotSig	0.067	0.002
Thiothrix	-1.008	16.367	0.149824776	0.299020917	NotSig	0.11	0.222
Ferribacterium	0.838	14.489	0.150072793	0.299097592	NotSig	0.114	0.064
Thioprofundum	0.516	13.214	0.150356033	0.299244154	NotSig	0.025	0.017
Puniceicoccus	-2.554	10.55	0.152251345	0.302594247	NotSig	0	0.002
Thiobacter	1.641	15.72	0.153101798	0.303861287	NotSig	0.12	0.038
Atopobium	-0.748	10.967	0.154545232	0.306300064	NotSig	0.004	0.007
Anaerorhabdus	1.446	10.551	0.155464253	0.307694159	NotSig	0.007	0.002
Sulfuriferula	-0.07	10.965	0.155890798	0.308111038	NotSig	0.002	0.002
Gillisia	2.838	11.288	0.159496534	0.314366787	NotSig	0.005	0.001
Pseudoflavonifractor	1.838	9.964	0.159496534	0.314366787	NotSig	0.002	0.001
Desulfosporosinus	1.693	11.288	0.163723377	0.32225277	NotSig	0.008	0.002
Janthinobacterium	4.525	14.693	0.164755151	0.323836916	NotSig	0.024	0.001
Spirillum	0.845	13.136	0.165862275	0.325564602	NotSig	0.04	0.022
Zhizhongheella	0.971	14.873	0.166863881	0.327080712	NotSig	0.272	0.139
Proteocatella	2.116	12.425	0.16762993	0.328131564	NotSig	0.017	0.004
Ignavibacterium	-0.129	12.966	0.168713307	0.329799849	NotSig	0.045	0.05
Ideonella	0.925	15.595	0.174724859	0.340921261	NotSig	0.749	0.394
Gp14	0.725	11.774	0.174880423	0.340921261	NotSig	0.018	0.011
Pseudoalteromonas	-2.137	17.804	0.175494098	0.341650857	NotSig	0.101	0.445
Sulfuritalea	1.028	15.474	0.177469076	0.345025029	NotSig	0.237	0.116
Desulfotomaculum	-0.747	9.967	0.17889911	0.347332014	NotSig	0.004	0.006
Niastella	-1.28	14.096	0.179205801	0.347454726	NotSig	0.028	0.067
Rhodoligotrophos	0.88	11.288	0.182497234	0.353356246	NotSig	0.007	0.004
Saccharopolyspora	-1.747	11.551	0.183825711	0.355446193	NotSig	0.003	0.01
Gallaecimonas	-1.891	15.214	0.184750507	0.35675098	NotSig	0.008	0.029
Syntrophomonas	-1.797	11.551	0.185633855	0.357972313	NotSig	0.003	0.01
Ornithinibacter	0.926	14.096	0.185942943	0.358084452	NotSig	0.046	0.024
Methylovirgula	1.253	11.774	0.187306231	0.360223707	NotSig	0.013	0.006
Aggregicoccus	0.924	11.287	0.18820867	0.361472103	NotSig	0.018	0.009
Anaeromyxobacter	1.383	11.774	0.188546182	0.361633604	NotSig	0.029	0.011
Methylocystis	0.475	13.772	0.190311444	0.364529437	NotSig	0.029	0.021
Gilvimarinus	-12.772	8.966	0.196159222	0.368320868	NotSig	0	0.001
Laceyella	-12.772	8.966	0.196159222	0.368320868	NotSig	0	0.001
Thalassomonas	-12.772	8.966	0.196159222	0.368320868	NotSig	0	0.001
Formosa	-12.771	8.965	0.196159222	0.368320868	NotSig	0	0.001
Fulvibacter	-12.771	8.965	0.196159222	0.368320868	NotSig	0	0.001
Catenibacterium	-12.772	8.966	0.196159222	0.368320868	NotSig	0	0.001
Methylosphaera	-13.357	9.966	0.19616248	0.368320868	NotSig	0	0.001
Cellulosilyticum	-12.772	8.967	0.19616248	0.368320868	NotSig	0	0.001
Mucinivorans	-13.357	9.966	0.19616248	0.368320868	NotSig	0	0.001
Wenxinia	-12.772	8.966	0.19616248	0.368320868	NotSig	0	0.001
Helicobacter	-16.817	13.967	0.19616248	0.368320868	NotSig	0	0.012
Flaviramulus	-12.772	8.967	0.19616248	0.368320868	NotSig	0	0.001
Desulfonauticus	-12.772	8.967	0.19616248	0.368320868	NotSig	0	0.001
Paraprevotella	-17.232	13.921	0.19616248	0.368320868	NotSig	0	0.015
Arcicella	-14.941	11.288	0.19616248	0.368320868	NotSig	0	0.003
Aeromicrobium	0.93	11.288	0.206728963	0.387650762	NotSig	0.007	0.003
Natronoflexus	-1.747	10.551	0.210217784	0.393675561	NotSig	0.001	0.004
Halochromatium	2.251	16.705	0.211775934	0.396073732	NotSig	0.107	0.022
Sulfuricella	3.355	14.095	0.214112136	0.399918871	NotSig	0.043	0.004
Gp22	1.931	11.288	0.216286074	0.403451277	NotSig	0.007	0.002
Kineococcus	-7.205	17.26	0.219070803	0.408112318	NotSig	0.006	0.861
Actinotalea	-2.062	16.242	0.220090126	0.409169161	NotSig	0.035	0.144
Turneriella	0.113	12.551	0.220211574	0.409169161	NotSig	0.025	0.023
Psychroserpens	-0.162	11.551	0.222443796	0.412779319	NotSig	0.004	0.004
Fulvivirga	1.575	12.288	0.223883445	0.414592941	NotSig	0.015	0.005
Laribacter	-1.126	9.966	0.224002212	0.414592941	NotSig	0.002	0.005
Paludibacter	0.87	14.58	0.225189597	0.41625072	NotSig	0.084	0.046
Phaeodactylibacter	-0.022	15.836	0.226257636	0.417683889	NotSig	0.185	0.187
Pseudooctadecabacter	2.383	13.053	0.228081797	0.420312337	NotSig	0.058	0.011
Formivibrio	1.598	14.773	0.228270541	0.420312337	NotSig	0.065	0.021
Algibacter	0.738	9.965	0.228708321	0.42057574	NotSig	0.003	0.002
Kaistia	1.516	10.967	0.230021613	0.422446387	NotSig	0.005	0.002
Desulfobulbus	1.182	13.873	0.231100625	0.423882508	NotSig	0.099	0.044
Alkalispirillum	9.404	17.25	0.232529322	0.42595551	NotSig	0.237	0
Nakamurella	-1.332	8.967	0.233013209	0.426294678	NotSig	0.001	0.002
Maricaulis	3.253	11.288	0.234032915	0.427065179	NotSig	0.003	0
Providencia	4.423	12.873	0.234032915	0.427065179	NotSig	0.007	0
Dongia	0.253	11.966	0.235778196	0.429460456	NotSig	0.04	0.033
Falsirhodobacter	1.101	9.966	0.235947441	0.429460456	NotSig	0.004	0.002
Marmoricola	1.838	8.966	0.237048727	0.43091533	NotSig	0.001	0
Caminibacter	-1.332	8.967	0.238422762	0.431806838	NotSig	0.001	0.002
Paraperlucidibaca	1.223	12.288	0.23845007	0.431806838	NotSig	0.02	0.008
Acidaminobacter	1.837	8.966	0.238585059	0.431806838	NotSig	0.001	0
Kangiella	2.089	11.964	0.238749541	0.431806838	NotSig	0.01	0.002
Alloprevotella	0.252	11.551	0.241664748	0.43652607	NotSig	0.002	0.002
Soehngenia	-0.584	11.773	0.244090443	0.440350268	NotSig	0.006	0.009
Thermodesulfovibrio	-1.747	8.966	0.24492193	0.441292416	NotSig	0	0.001
Rhodovulum	4.599	16.085	0.246607949	0.443769916	NotSig	0.28	0.012
Bordetella	-1.747	8.966	0.247704465	0.444837454	NotSig	0	0.001
Geodermatophilus	-0.645	12.287	0.248043594	0.444837454	NotSig	0.018	0.029
Gemmata	2.868	14.873	0.248394027	0.444837454	NotSig	0.041	0.006
Labrenzia	1.767	11.551	0.248448108	0.444837454	NotSig	0.008	0.002
Desulfomonile	-0.303	11.551	0.249260886	0.445733438	NotSig	0.014	0.017
Methanoregula	-0.376	10.55	0.251710289	0.449550166	NotSig	0.005	0.006
Oleiphilus	-0.364	11.288	0.253039026	0.451358362	NotSig	0.012	0.016
Rhodothermus	2.22	13.425	0.253695704	0.451964756	NotSig	0.018	0.004
Halobacteriovorax	0.909	14.551	0.254728467	0.453238805	NotSig	0.082	0.044
Microbulbifer	2.34	14.693	0.255898926	0.45475438	NotSig	0.035	0.007
Bradyrhizobium	1.812	15.734	0.256519241	0.455289748	NotSig	0.093	0.027
Litorilinea	1.223	14.252	0.262921114	0.460818914	NotSig	0.08	0.034
Desulfatibacillum	-0.11	10.967	0.266308114	0.460818914	NotSig	0.006	0.006
Kordiimonas	12.026	8.967	0.278364334	0.460818914	NotSig	0	0
Gilvibacter	13.025	9.966	0.278364334	0.460818914	NotSig	0.001	0
Oxobacter	12.024	8.965	0.278364334	0.460818914	NotSig	0	0
Denitratisoma	13.025	9.966	0.278364334	0.460818914	NotSig	0.001	0
Pseudofulvibacter	12.026	8.967	0.278364334	0.460818914	NotSig	0	0
Leucothrix	12.025	8.966	0.278364334	0.460818914	NotSig	0	0
Psychromonas	12.025	8.966	0.278364334	0.460818914	NotSig	0	0
Pseudovibrio	12.025	8.966	0.278364334	0.460818914	NotSig	0	0
Pararhodospirillum	12.025	8.966	0.278364334	0.460818914	NotSig	0	0
Rhodobium	13.025	9.966	0.278364334	0.460818914	NotSig	0.001	0
Melioribacter	12.025	8.966	0.278364334	0.460818914	NotSig	0	0
Tissierella	12.024	8.965	0.278364334	0.460818914	NotSig	0	0
Terasakiella	12.025	8.966	0.278364334	0.460818914	NotSig	0	0
Desulfovirgula	12.024	8.965	0.278364334	0.460818914	NotSig	0	0
Cohnella	13.025	9.966	0.278364334	0.460818914	NotSig	0.001	0
Pectinatus	12.024	8.965	0.278364334	0.460818914	NotSig	0	0
Saccharomonospora	12.026	8.967	0.278364334	0.460818914	NotSig	0	0
Oceanisphaera	12.026	8.967	0.278364334	0.460818914	NotSig	0	0
Rhodocytophaga	13.61	10.551	0.278364334	0.460818914	NotSig	0.001	0
Desulfonatronobacter	12.024	8.965	0.278364334	0.460818914	NotSig	0	0
Dendrosporobacter	12.026	8.967	0.278364334	0.460818914	NotSig	0	0
Poribacteria_genera_incertae_sedis	12.025	8.966	0.278364334	0.460818914	NotSig	0	0
Geoalkalibacter	12.026	8.967	0.278364334	0.460818914	NotSig	0	0
Armatimonadetes_gp7	12.025	8.966	0.278364334	0.460818914	NotSig	0	0
Jonquetella	12.024	8.965	0.278364334	0.460818914	NotSig	0	0
Kiloniella	12.024	8.964	0.278364334	0.460818914	NotSig	0	0
Weissella	12.025	8.966	0.278364334	0.460818914	NotSig	0	0
Robiginitomaculum	12.025	8.966	0.278364334	0.460818914	NotSig	0	0
Tropicimonas	12.025	8.966	0.278364334	0.460818914	NotSig	0	0
Sinibacillus	12.025	8.966	0.278364334	0.460818914	NotSig	0	0
Vagococcus	13.025	9.966	0.278364334	0.460818914	NotSig	0.001	0
Tessaracoccus	13.025	9.966	0.278364334	0.460818914	NotSig	0.001	0
Sabulilitoribacter	13.025	9.966	0.278364334	0.460818914	NotSig	0.001	0
Rudaea	13.025	9.966	0.278364334	0.460818914	NotSig	0.001	0
Glycocaulis	13.025	9.966	0.278364334	0.460818914	NotSig	0.001	0
Gracilibacillus	12.025	8.966	0.278364334	0.460818914	NotSig	0	0
Fontimonas	12.026	8.967	0.278364334	0.460818914	NotSig	0	0
Buchnera	12.025	8.966	0.278364334	0.460818914	NotSig	0	0
Hanstruepera	12.025	8.966	0.278364334	0.460818914	NotSig	0	0
Hazenella	14.347	11.288	0.278364334	0.460818914	NotSig	0.002	0
Holdemanella	14.347	11.288	0.278364334	0.460818914	NotSig	0.002	0
Catenococcus	12.025	8.966	0.278364334	0.460818914	NotSig	0	0
Compostibacillus	12.024	8.965	0.278364334	0.460818914	NotSig	0	0
Flagellimonas	12.024	8.965	0.278364334	0.460818914	NotSig	0	0
Fastidiosipila	12.024	8.965	0.278364334	0.460818914	NotSig	0	0
Desulfotalea	12.026	8.967	0.278364334	0.460818914	NotSig	0	0
Desulfovermiculus	12.025	8.966	0.278364334	0.460818914	NotSig	0	0
Paraoerskovia	12.026	8.967	0.278364334	0.460818914	NotSig	0	0
Peptostreptococcus	12.024	8.965	0.278364334	0.460818914	NotSig	0	0
Anaerosalibacter	13.025	9.966	0.278364334	0.460818914	NotSig	0.001	0
Allocatelliglobosispora	12.024	8.965	0.278364334	0.460818914	NotSig	0	0
Allokutzneria	12.024	8.965	0.278364334	0.460818914	NotSig	0	0
Porphyromonas	12.025	8.966	0.278364334	0.460818914	NotSig	0	0
Melghirimyces	12.026	8.967	0.278364334	0.460818914	NotSig	0	0
Methyloferula	12.024	8.965	0.278364334	0.460818914	NotSig	0	0
Marinilabilia	14.831	11.772	0.278364334	0.460818914	NotSig	0.003	0
Malikia	-6.458	16.505	0.279600062	0.462328261	NotSig	0.005	0.44
Enhygromyxa	0.106	13.288	0.285615869	0.471728987	NotSig	0.05	0.047
Conexibacter	0.441	14.943	0.286885658	0.473278421	NotSig	0.055	0.04
Olleya	2.06	9.966	0.287562273	0.473846839	NotSig	0.003	0.001
Sporacetigenium	2.06	10.965	0.288988418	0.475089549	NotSig	0.003	0.001
Thiodictyon	-0.484	10.551	0.289240585	0.475089549	NotSig	0.004	0.005
Novispirillum	0.254	11.774	0.289315219	0.475089549	NotSig	0.007	0.006
Acidiferrobacter	2.423	10.966	0.290425282	0.476364226	NotSig	0.004	0.001
Methylocaldum	3.421	12.666	0.291862165	0.478171423	NotSig	0.007	0.001
Thalassotalea	1.253	8.966	0.297622933	0.487050373	NotSig	0.002	0.001
Nocardia	0.989	9.967	0.300588589	0.49134011	NotSig	0.002	0.001
Subdivision5_genera_incertae_sedis	0.379	9.966	0.304517786	0.497193228	NotSig	0.005	0.004
Salinibacter	3.488	14.988	0.306271459	0.499484996	NotSig	0.141	0.013
Tardiphaga	1.251	8.967	0.309493225	0.504163051	NotSig	0.002	0.001
Elizabethkingia	1.079	13.358	0.310199446	0.504737297	NotSig	0.016	0.008
Syntrophus	-0.217	11.55	0.31113659	0.505685551	NotSig	0.005	0.006
Lucibacterium	0.316	11.551	0.311621646	0.505897712	NotSig	0.02	0.016
Obesumbacterium	4.878	13.053	0.312812232	0.507253471	NotSig	0.031	0.001
Tabrizicola	-1.15	12.136	0.316216558	0.511901182	NotSig	0.006	0.013
Thiogranum	0.991	8.967	0.316753649	0.511901182	NotSig	0.002	0.001
Leptolinea	3.253	12.551	0.31675455	0.511901182	NotSig	0.01	0.001
Thalassospira	1.668	10.549	0.320740278	0.517756082	NotSig	0.003	0.001
Sorangium	0.06	10.966	0.327092376	0.527413356	NotSig	0.003	0.003
Paenibacillus	-0.847	13.288	0.33008119	0.531119873	NotSig	0.017	0.031
Pelobacter	0.99	8.966	0.330135478	0.531119873	NotSig	0.002	0.001
Rubritepida	2.285	12.773	0.333660194	0.535035348	NotSig	0.019	0.004
Aequorivita	0.931	10.965	0.334250523	0.535035348	NotSig	0.003	0.002
Streptococcus	1.076	11.287	0.334291189	0.535035348	NotSig	0.01	0.005
Stella	-1.612	12.666	0.334345597	0.535035348	NotSig	0.006	0.018
Photorhabdus	2.199	11.966	0.334443959	0.535035348	NotSig	0.011	0.002
Rhodopila	2.686	12.288	0.336517185	0.537162737	NotSig	0.011	0.002
Persicobacter	1.954	11.288	0.336903048	0.537162737	NotSig	0.005	0.001
Oleibacter	2.39	12.551	0.336903048	0.537162737	NotSig	0.009	0.002
Eionea	0.905	9.966	0.33874105	0.53949049	NotSig	0.005	0.002
Methyloversatilis	1.635	14.848	0.339305501	0.539787013	NotSig	0.127	0.041
Roseivirga	-0.978	13.966	0.342597016	0.544416416	NotSig	0.03	0.059
Sphaerobacter	-1.07	8.967	0.34732411	0.551314243	NotSig	0.001	0.002
Marinomonas	-0.405	14.136	0.352314399	0.557889508	NotSig	0.11	0.145
Cupriavidus	-1.391	10.967	0.352445692	0.557889508	NotSig	0.003	0.009
Nitrosomonas	0.077	13.61	0.352639339	0.557889508	NotSig	0.074	0.07
Thalassolituus	0.369	11.773	0.356271227	0.559266615	NotSig	0.005	0.004
Caldilinea	-0.248	14.251	0.357054451	0.559266615	NotSig	0.017	0.02
Fodinicurvata	-1.053	11.288	0.358659879	0.559266615	NotSig	0.008	0.016
Roseococcus	-1.949	11.773	0.359870607	0.559266615	NotSig	0.004	0.016
Longilinea	1.111	12.136	0.361242252	0.559266615	NotSig	0.024	0.011
Ornatilinea	1.368	12.55	0.362415291	0.559266615	NotSig	0.011	0.004
Sulfurovum	1.368	10.966	0.362849146	0.559266615	NotSig	0.005	0.002
Salinisphaera	-11.772	8.966	0.36365456	0.559266615	NotSig	0	0
Marinifilum	-11.771	8.964	0.36365456	0.559266615	NotSig	0	0
Sedimenticola	-11.773	8.967	0.36365456	0.559266615	NotSig	0	0
Candidatus_Anammoxoglobus	-11.772	8.966	0.36365456	0.559266615	NotSig	0	0
Telmatospirillum	-11.771	8.965	0.36365456	0.559266615	NotSig	0	0
Roseivivax	-11.772	8.966	0.36365456	0.559266615	NotSig	0	0
Pseudoxanthobacter	-11.772	8.966	0.36365456	0.559266615	NotSig	0	0
Perspicuibacter	-11.772	8.966	0.36365456	0.559266615	NotSig	0	0
Desulfuribacillus	-16.527	13.721	0.36365456	0.559266615	NotSig	0	0.009
Acetivibrio	-11.772	8.966	0.36365456	0.559266615	NotSig	0	0
Saccharibacter	-11.772	8.966	0.36365456	0.559266615	NotSig	0	0
Celeribacter	-11.772	8.966	0.36365456	0.559266615	NotSig	0	0
Desulfofrigus	-11.772	8.966	0.36365456	0.559266615	NotSig	0	0
Amylibacter	-11.771	8.965	0.36365456	0.559266615	NotSig	0	0
Persephonella	-17.63	14.824	0.36365456	0.559266615	NotSig	0	0.02
Psychrosphaera	-12.772	9.966	0.36365456	0.559266615	NotSig	0	0.001
Pleionea	-11.772	8.966	0.36365456	0.559266615	NotSig	0	0
Motiliproteus	-11.771	8.965	0.36365456	0.559266615	NotSig	0	0
Acidovorax	0.936	17.114	0.363699663	0.559266615	NotSig	0.918	0.48
Lactococcus	1.712	11.773	0.364134681	0.55933282	NotSig	0.009	0.003
Armatimonadetes_gp6	1.101	11.966	0.367136356	0.563337183	NotSig	0.004	0.002
Sphaerotilus	0.088	15.032	0.368554951	0.564906461	NotSig	0.106	0.1
Geothrix	2.117	13.72	0.370627298	0.567473341	NotSig	0.042	0.01
Iamia	0.776	12.551	0.373429011	0.571150266	NotSig	0.01	0.006
Runella	-0.597	13.136	0.373944285	0.571326011	NotSig	0.032	0.048
Azovibrio	0.201	13.214	0.374385169	0.571387847	NotSig	0.057	0.049
Byssovorax	1.882	14.053	0.377326702	0.57526197	NotSig	0.07	0.019
Andreprevotia	0.012	11.55	0.382648246	0.582515466	NotSig	0.009	0.009
Empedobacter	0.821	13.288	0.382900846	0.582515466	NotSig	0.018	0.01
Alcanivorax	-0.014	13.49	0.383548527	0.582879391	NotSig	0.045	0.045
Oceanicola	0.575	12.551	0.384599178	0.583854285	NotSig	0.013	0.008
Acetobacterium	-1.017	11.773	0.387288727	0.587312448	NotSig	0.007	0.014
Fulvimonas	0.555	10.967	0.388701532	0.588829179	NotSig	0.022	0.015
Desulfuromusa	-0.384	10.966	0.389128083	0.588850238	NotSig	0.004	0.005
Saccharicrinis	1.044	12.966	0.394082279	0.595715479	NotSig	0.027	0.013
Desulfosalsimonas	-0.747	10.551	0.396561035	0.598828145	NotSig	0.003	0.005
Inhella	0.572	13.774	0.400263902	0.603636707	NotSig	0.093	0.062
Acidicaldus	0.649	11.288	0.400591423	0.603636707	NotSig	0.01	0.007
Prosthecomicrobium	0.128	10.551	0.402690944	0.606160313	NotSig	0.005	0.004
Sandarakinorhabdus	-0.042	14.694	0.409496122	0.615754442	NotSig	0.097	0.1
Neptunomonas	-0.746	9.967	0.413548089	0.621192762	NotSig	0.001	0.001
Oleiagrimonas	3.55	17.798	0.418591772	0.628107738	NotSig	0.537	0.046
Desulfobacterium	2.368	13.358	0.429369401	0.643603083	NotSig	0.032	0.006
Roseimicrobium	0.284	11.551	0.433461754	0.649055532	NotSig	0.02	0.016
Singulisphaera	0.475	11.288	0.439112701	0.656827909	NotSig	0.012	0.008
Fluviimonas	1.694	15.075	0.441867482	0.660205929	NotSig	0.071	0.022
Rhodoplanes	0.346	12.666	0.442296334	0.660205929	NotSig	0.02	0.016
Moraxella	0.219	12.873	0.445744017	0.664656962	NotSig	0.035	0.03
Brevibacillus	-0.748	9.967	0.447446904	0.666499721	NotSig	0.002	0.003
Thauera	1.204	14.694	0.44934738	0.66863265	NotSig	0.109	0.047
Escherichia/Shigella	2.207	14.01	0.458304074	0.678122454	NotSig	0.026	0.006
Nibribacter	-0.747	8.967	0.45834058	0.678122454	NotSig	0.001	0.002
Dactylosporangium	1.254	8.966	0.45999959	0.678122454	NotSig	0.001	0
Tistrella	1.254	8.967	0.460001777	0.678122454	NotSig	0.001	0
Saccharophagus	1.838	9.966	0.460001777	0.678122454	NotSig	0.001	0
Haemophilus	1.837	9.965	0.460001777	0.678122454	NotSig	0.001	0
Lysinibacillus	5.008	13.666	0.460001777	0.678122454	NotSig	0.011	0
Shimia	1.839	9.966	0.460001777	0.678122454	NotSig	0.001	0
Phytohabitans	2.573	10.55	0.460001777	0.678122454	NotSig	0.002	0
Zavarzinella	1.31	13.72	0.461891109	0.679979164	NotSig	0.075	0.03
Echinicola	3.423	11.966	0.462690798	0.679979164	NotSig	0.004	0
Corallococcus	1.837	9.965	0.462690798	0.679979164	NotSig	0.001	0
Roseibium	1.253	8.966	0.465384239	0.681144333	NotSig	0.001	0
Oceanibacterium	1.837	9.966	0.46539294	0.681144333	NotSig	0.001	0
Chromohalobacter	2.837	11.288	0.46539294	0.681144333	NotSig	0.002	0
Ancylobacter	3.422	11.966	0.46539294	0.681144333	NotSig	0.004	0
Candidatus_Solibacter	1.252	8.966	0.468099465	0.682306371	NotSig	0.001	0
Domibacillus	1.252	8.966	0.468099465	0.682306371	NotSig	0.001	0
Intrasporangium	1.252	8.966	0.468099465	0.682306371	NotSig	0.001	0
Oxalicibacterium	1.252	8.966	0.468099465	0.682306371	NotSig	0.001	0
Marinobacter	1.246	14.212	0.469215606	0.683235377	NotSig	0.081	0.034
Sporichthya	1.186	10.965	0.469974351	0.683474752	NotSig	0.009	0.004
Parabacteroides	1.475	13.72	0.470615033	0.683474752	NotSig	0.076	0.027
Kribbella	1.252	8.967	0.470816875	0.683474752	NotSig	0.001	0
Chiayiivirga	-0.39	10.967	0.473497953	0.686668271	NotSig	0.007	0.009
Aquisphaera	1.073	14.424	0.474243893	0.686832563	NotSig	0.035	0.016
Lautropia	-0.847	10.551	0.474573866	0.686832563	NotSig	0.003	0.005
Thiohalobacter	1.186	10.967	0.479896881	0.693832674	NotSig	0.009	0.004
Methylomicrobium	1.042	12.666	0.488561769	0.70564539	NotSig	0.016	0.008
Jahnella	2.253	13.358	0.493883001	0.71260975	NotSig	0.028	0.006
Gp10	1.988	15.195	0.497148565	0.716536538	NotSig	0.101	0.026
Marivita	0.151	12.873	0.497608766	0.716536538	NotSig	0.028	0.026
Methylibium	1.353	11.551	0.498833085	0.717575416	NotSig	0.006	0.002
Litoreibacter	1.974	14.214	0.505268024	0.726100171	NotSig	0.051	0.013
Labrys	0.839	8.966	0.506726186	0.727463046	NotSig	0.001	0.001
Terrabacter	-1.156	15.441	0.511723662	0.733899162	NotSig	0.024	0.054
Magnetospirillum	2.253	11.288	0.513355592	0.735500431	NotSig	0.003	0.001
Actinocorallia	1.712	11.965	0.514404297	0.736263723	NotSig	0.009	0.003
Caldibacillus	1.253	9.966	0.517795608	0.739633966	NotSig	0.002	0.001
Cloacibacillus	0.669	9.967	0.517795608	0.739633966	NotSig	0.002	0.001
Desulfonatronum	0.838	8.966	0.522251809	0.745253331	NotSig	0.001	0.001
Micromonospora	1.16	11.288	0.523570053	0.746388077	NotSig	0.006	0.003
Turicibacter	0.99	10.966	0.524481364	0.746941025	NotSig	0.006	0.003
Algimonas	-2.207	11.288	0.529166259	0.752861667	NotSig	0.001	0.004
Phaselicystis	2.523	15.945	0.533662172	0.758501911	NotSig	0.09	0.016
Polaribacter	1.838	11.288	0.536086796	0.761189908	NotSig	0.004	0.001
Flectobacillus	-1.799	17.616	0.538585776	0.763249035	NotSig	0.132	0.458
Maritimimonas	-0.747	8.966	0.539504545	0.763249035	NotSig	0.001	0.001
Gaiella	0.373	13.425	0.539535307	0.763249035	NotSig	0.021	0.016
Haliangium	0.052	14.288	0.539676437	0.763249035	NotSig	0.075	0.073
Wandonia	-2.633	17.306	0.543063952	0.767279464	NotSig	0.019	0.119
Chitinibacter	1.952	14.721	0.547744106	0.773126448	NotSig	0.088	0.023
Rhizobacter	0.821	15.897	0.552353846	0.778862587	NotSig	0.337	0.191
Leifsonia	-0.113	13.873	0.554384254	0.780953929	NotSig	0.035	0.037
Herbaspirillum	0.738	12.135	0.562287829	0.791306442	NotSig	0.015	0.009
Sphingobacterium	2.916	16.165	0.570755135	0.802431111	NotSig	0.087	0.012
Rubritalea	1.216	14.01	0.572842066	0.804572469	NotSig	0.064	0.028
Albidovulum	0.767	16.367	0.582696359	0.817608362	NotSig	0.575	0.338
Ramlibacter	0.258	17.953	0.58912035	0.825272655	NotSig	0.825	0.69
Bifidobacterium	-0.232	10.966	0.589871997	0.825272655	NotSig	0.006	0.007
Parasutterella	0.041	11.549	0.589893559	0.825272655	NotSig	0.008	0.008
Kinneretia	-0.737	13.552	0.609534267	0.85191518	NotSig	0.029	0.048
Caenispirillum	0.445	11.966	0.616093735	0.86024047	NotSig	0.01	0.007
Inquilinus	-0.748	9.965	0.622462689	0.868283731	NotSig	0.001	0.002
Methyloligella	0.99	11.773	0.628768758	0.875673533	NotSig	0.008	0.004
Saccharibacteria_genera_incertae_sedis	-0.65	12.667	0.629434984	0.875673533	NotSig	0.01	0.015
Arenicella	-0.969	9.966	0.630213002	0.875673533	NotSig	0.001	0.002
Herminiimonas	-0.431	12.136	0.630214939	0.875673533	NotSig	0.014	0.019
Thermoleophilum	0.625	11.551	0.635442341	0.882076467	NotSig	0.009	0.006
Streptobacillus	-0.426	9.967	0.636059344	0.882076467	NotSig	0.002	0.003
Fusicatenibacter	1.726	11.773	0.643393556	0.891381169	NotSig	0.01	0.003
Oceanospirillum	5.236	19.01	0.652673026	0.90336024	NotSig	1.265	0.034
Treponema	3.365	15.885	0.663578703	0.917195212	NotSig	0.112	0.011
Gracilibacter	-0.748	8.965	0.664596951	0.917195212	NotSig	0	0.001
Agarivorans	-0.748	8.966	0.664596951	0.917195212	NotSig	0	0.001
Nitrosococcus	-1.332	9.966	0.671037412	0.925188779	NotSig	0	0.001
Enterovibrio	-0.747	8.966	0.674264495	0.927845164	NotSig	0	0.001
Desulfofaba	-0.747	8.966	0.674264495	0.927845164	NotSig	0	0.001
Ferruginibacter	0.924	13.92	0.679440983	0.933863465	NotSig	0.086	0.045
Thiophaeococcus	2.533	13.666	0.680263712	0.933863465	NotSig	0.014	0.002
Aquihabitans	0.343	12.288	0.680601264	0.933863465	NotSig	0.055	0.043
Blastopirellula	0.34	14.136	0.685836206	0.940142427	NotSig	0.135	0.107
Variovorax	0.932	11.551	0.686976113	0.940801261	NotSig	0.007	0.003
Advenella	1.18	12.137	0.701932768	0.960362474	NotSig	0.008	0.003
Coraliomargarita	-0.425	9.966	0.705258108	0.963987855	NotSig	0.002	0.003
Gp7	0.325	14.288	0.706884321	0.965286054	NotSig	0.034	0.027
Lacihabitans	0.292	12.966	0.711624549	0.97083005	NotSig	0.062	0.051
Akkermansia	0.89	11.287	0.7174334	0.977718485	NotSig	0.006	0.003
Anaerobranca	-0.332	8.967	0.718044129	0.977718485	NotSig	0.002	0.002
Uruburuella	1.253	11.287	0.727199489	0.989240869	NotSig	0.005	0.002
Desulfococcus	1.475	11.55	0.73057185	0.992881933	NotSig	0.006	0.002
Tateyamaria	0.616	11.288	0.732811265	0.993843948	NotSig	0.004	0.002
Terrimicrobium	0.838	11.289	0.732811651	0.993843948	NotSig	0.004	0.002
Ectothiorhodospira	1.171	12.288	0.73336908	0.993843948	NotSig	0.021	0.009
Pseudochrobactrum	2.157	13.92	0.735593053	0.995912037	NotSig	0.048	0.011
Aureivirga	-1.069	10.966	0.747560396	1	NotSig	0.003	0.005
Lutibacter	0.253	10.55	0.75439966	1	NotSig	0.004	0.003
Bartonella	0.253	8.967	0.762558191	1	NotSig	0.002	0.002
Alkalibacterium	1.087	12.288	0.76696037	1	NotSig	0.017	0.008
Gp6	0.743	13.288	0.774770323	1	NotSig	0.126	0.075
Spongiibacter	-0.095	12.666	0.77907363	1	NotSig	0.014	0.015
Aspromonas	0.87	12.288	0.788448313	1	NotSig	0.019	0.01
Methanobacterium	-0.654	10.965	0.793724329	1	NotSig	0.003	0.005
Glycomyces	-0.747	9.966	0.79639503	1	NotSig	0.001	0.001
Rubrivivax	-0.332	8.967	0.799054125	1	NotSig	0.001	0.001
Cnuella	-0.332	8.966	0.799055864	1	NotSig	0.001	0.001
Armatimonadetes_gp2	-0.332	9.967	0.803422914	1	NotSig	0.002	0.002
Winogradskyella	1.668	11.773	0.807037011	1	NotSig	0.003	0.001
Tepidimonas	0.762	13.136	0.818955086	1	NotSig	0.031	0.018
Kofleria	1.061	13.824	0.820161457	1	NotSig	0.067	0.032
Gp26	2.253	11.966	0.820780608	1	NotSig	0.005	0.001
Chondromyces	0.281	12.666	0.821290076	1	NotSig	0.042	0.035
Latescibacteria_genera_incertae_sedis	-0.07	9.967	0.822524531	1	NotSig	0.002	0.002
Chryseolinea	2.565	16.136	0.829189452	1	NotSig	0.534	0.09
Marivirga	0.533	10.966	0.837662516	1	NotSig	0.007	0.005
Paraferrimonas	1.767	12.288	0.840574488	1	NotSig	0.017	0.005
Azospirillum	2.62	16.043	0.840980732	1	NotSig	0.299	0.049
Dechloromonas	0.541	16.095	0.841779058	1	NotSig	0.878	0.603
Gp5	1.17	11.288	0.845578998	1	NotSig	0.007	0.003
Syntrophobotulus	0.253	8.967	0.859833801	1	NotSig	0.001	0.001
Gallionella	2.712	12.288	0.862850367	1	NotSig	0.005	0.001
Cellulosimicrobium	0.253	8.967	0.862850367	1	NotSig	0.001	0.001
Rubrobacter	0.837	9.967	0.862850865	1	NotSig	0.001	0.001
WPS-2_genera_incertae_sedis	-0.485	9.967	0.863280172	1	NotSig	0.001	0.002
Spongiimonas	-0.747	10.551	0.868888028	1	NotSig	0.001	0.001
Natranaerovirga	0.253	8.967	0.868888028	1	NotSig	0.001	0.001
Fabibacter	-0.484	9.965	0.870166232	1	NotSig	0.001	0.002
Alkanindiges	-0.548	16.61	0.871184026	1	NotSig	0.369	0.54
Orientia	0.252	8.967	0.871911898	1	NotSig	0.001	0.001
Vulcaniibacterium	-0.095	10.551	0.881799203	1	NotSig	0.005	0.005
Gordonia	1.785	17.967	0.885665456	1	NotSig	0.428	0.124
Desulfovirga	-0.162	8.967	0.886276972	1	NotSig	0.001	0.001
Parapedobacter	1.632	12.425	0.886280805	1	NotSig	0.005	0.002
Pelotomaculum	-0.162	8.967	0.888584895	1	NotSig	0.001	0.001
Alicyclobacillus	0.335	11.288	0.895651514	1	NotSig	0.007	0.006
Thiomicrospira	0.254	8.966	0.901007407	1	NotSig	0	0
Pseudopelagicola	3.253	11.966	0.901007407	1	NotSig	0.003	0
Dyadobacter	-0.393	11.288	0.901452671	1	NotSig	0.01	0.013
Blastochloris	0.253	8.966	0.905290014	1	NotSig	0	0
Iodobacter	0.253	8.966	0.905290014	1	NotSig	0	0
Thermobifida	0.253	8.966	0.905290014	1	NotSig	0	0
Atribacteria_genera_incertae_sedis	0.253	8.966	0.905290014	1	NotSig	0	0
Ancalomicrobium	0.253	8.965	0.905290014	1	NotSig	0	0
Paludibaculum	0.39	10.549	0.905763325	1	NotSig	0.005	0.003
Sediminibacter	2.968	15.322	0.909292173	1	NotSig	0.038	0.005
Cyclobacterium	-0.746	9.966	0.909576751	1	NotSig	0	0.001
Aestuariibacter	-2.747	11.966	0.909576751	1	NotSig	0	0.003
Bermanella	0.252	8.966	0.909576751	1	NotSig	0	0
Lutispora	0.252	8.966	0.909576751	1	NotSig	0	0
Candidatus_Hydrogenedens	0.252	8.966	0.909576751	1	NotSig	0	0
Rugosimonospora	0.251	8.967	0.909576751	1	NotSig	0	0
Ferrimicrobium	-0.484	12.136	0.918126163	1	NotSig	0.018	0.024
Propionigenium	1.86	13.425	0.920019841	1	NotSig	0.028	0.008
Alistipes	0.667	11.286	0.925786238	1	NotSig	0.005	0.003
Pseudenhygromyxa	0.363	13.214	0.929919389	1	NotSig	0.034	0.027
Nonlabens	0.919	12.666	0.939797732	1	NotSig	0.03	0.016
Azotobacter	-0.15	11.773	0.944936011	1	NotSig	0.013	0.014
Flavitalea	-0.275	13.359	0.949657458	1	NotSig	0.032	0.039
Dehalospirillum	2.163	14.391	0.953720459	1	NotSig	0.13	0.029
Sphingorhabdus	0.642	17.065	0.961694135	1	NotSig	0.384	0.246
Rhodomicrobium	-0.01	8.967	0.973792487	1	NotSig	0.002	0.002
Profundibacterium	-0.069	10.551	0.98444281	1	NotSig	0.003	0.003
Georgfuchsia	1.663	14.798	0.991552188	1	NotSig	0.12	0.038
Sphingopyxis	1.1	15.72	0.999347192	1	NotSig	0.441	0.206
