ID	log2FC	log2CPM	PValue	FDR	level	MeanA	MeanB
Subsaxibacter	-4.747	15.824	1.26E-63	1.80E-60	Depleted	0.051	1.365
Siansivirga	-5.037	16.043	2.96E-63	2.11E-60	Depleted	0.031	1.024
Aquibacter	-4.322	16.409	1.59E-61	7.54E-59	Depleted	0.071	1.411
Gelidibacter	-5.229	17.536	9.94E-61	3.54E-58	Depleted	0.029	1.101
Puniceicoccus	-9.812	15.666	4.11E-57	1.17E-54	Depleted	0.001	0.6
Azotobacter	-5.269	16.27	1.55E-53	3.68E-51	Depleted	0.034	1.324
Candidatus_Pelagibacter	-4.602	19.213	3.99E-53	8.12E-51	Depleted	0.406	9.851
Euzebya	-8.349	16.26	6.81E-52	1.22E-49	Depleted	0.004	1.304
Phaeocystidibacter	-6.414	17.279	2.86E-51	4.53E-49	Depleted	0.015	1.25
Flavivirga	-6.856	13.921	1.28E-50	1.83E-48	Depleted	0.002	0.213
Thalassobaculum	-3.674	14.848	6.40E-48	8.31E-46	Depleted	0.044	0.566
Chishuiella	-3.269	15.666	4.41E-43	5.25E-41	Depleted	0.027	0.259
Nisaea	-3.033	15.536	7.75E-43	8.50E-41	Depleted	0.145	1.184
Marinimicrobia_genera_incertae_sedis	-8.877	14.357	2.05E-40	2.09E-38	Depleted	0	0.157
Niabella	-5.648	14.135	6.01E-39	5.72E-37	Depleted	0.006	0.284
Oceanobacter	-5.734	13.287	3.65E-37	3.25E-35	Depleted	0.003	0.169
Filimonas	-3.853	13.053	7.23E-36	6.07E-34	Depleted	0.005	0.067
Algibacter	-1.509	16.735	9.16E-35	7.26E-33	Depleted	0.167	0.476
Azospirillum	-2.973	15.01	3.15E-34	2.36E-32	Depleted	0.046	0.365
Moraxella	-4.09	15.721	2.44E-33	1.74E-31	Depleted	0.032	0.536
Lishizhenia	-5.345	16.195	5.39E-33	3.67E-31	Depleted	0.037	1.517
Marinifilum	-3.588	13.135	9.89E-32	6.41E-30	Depleted	0.009	0.104
Insolitispirillum	-4.234	13.551	5.87E-31	3.64E-29	Depleted	0.01	0.179
Halothiobacillus	-5.703	16.288	6.82E-31	4.05E-29	Depleted	0.007	0.356
Halioglobus	-1.95	16.401	1.06E-30	5.91E-29	Depleted	0.457	1.765
Amylibacter	-5.762	17.805	1.08E-30	5.91E-29	Depleted	0.075	4.079
Flavimarina	-6.253	16.49	2.08E-30	1.10E-28	Depleted	0.013	1.004
Aquimarina	-2.335	16.054	5.04E-30	2.57E-28	Depleted	0.231	1.165
Methylotenera	-2.014	16.106	6.83E-30	3.36E-28	Depleted	0.285	1.153
Burkholderia	-4.511	13.288	2.33E-28	1.11E-26	Depleted	0.005	0.103
Hyphomonas	5.094	18.573	4.05E-28	1.86E-26	Enriched	2.536	0.074
Cellulophaga	-3.086	14.64	4.51E-28	2.01E-26	Depleted	0.02	0.171
Marinoscillum	-2.343	14.637	5.92E-28	2.56E-26	Depleted	0.048	0.244
Fodinicurvata	-2.003	15.075	1.81E-27	7.58E-26	Depleted	0.047	0.189
Zunongwangia	-3.036	14.799	9.57E-27	3.90E-25	Depleted	0.034	0.276
Tamlana	-4.045	15.156	1.31E-26	5.20E-25	Depleted	0.023	0.385
Planktomarina	-4.157	17.349	1.50E-26	5.79E-25	Depleted	0.197	3.51
Aquabacterium	-0.137	15.537	3.34E-26	1.26E-24	Depleted	0.108	0.119
Thalassococcus	-1.246	18.795	6.87E-25	2.51E-23	Depleted	1.339	3.176
Methylophilus	-2.298	14.824	8.25E-25	2.94E-23	Depleted	0.062	0.305
Persicobacter	-2.925	15.27	3.28E-23	1.14E-21	Depleted	0.039	0.299
Peptoniphilus	-6.657	14.053	1.69E-22	5.75E-21	Depleted	0.001	0.118
Owenweeksia	-1.523	14.458	3.55E-22	1.18E-20	Depleted	0.135	0.389
Coraliomargarita	-2.249	16.166	4.50E-21	1.46E-19	Depleted	0.168	0.799
Armatimonadetes_gp5	-2.413	16.774	7.42E-21	2.35E-19	Depleted	0.187	0.998
Pseudohongiella	-1.207	15.551	7.95E-21	2.47E-19	Depleted	0.304	0.702
Erythrobacter	5.072	19.189	1.81E-20	5.49E-19	Enriched	1.885	0.056
Lewinella	3.826	18.543	1.93E-20	5.74E-19	Enriched	1.945	0.137
Thermogutta	-2.774	13.824	8.25E-20	2.40E-18	Depleted	0.017	0.119
Sulfitobacter	2.624	18.074	8.66E-20	2.47E-18	Enriched	1.678	0.272
Streptomyces	-2.317	14.551	1.15E-19	3.23E-18	Depleted	0.03	0.147
Rivicola	-7.519	14.799	1.29E-19	3.53E-18	Depleted	0.001	0.214
Telmatospirillum	-3.721	14.823	1.31E-19	3.53E-18	Depleted	0.011	0.145
Oceanibaculum	-3.073	14.214	1.50E-18	3.97E-17	Depleted	0.018	0.152
Rhodoluna	-5.3	16.873	2.63E-18	6.82E-17	Depleted	0.018	0.716
Sphingorhabdus	4.559	17.687	2.87E-18	7.30E-17	Enriched	0.384	0.016
Zymomonas	-3.631	12.772	6.21E-18	1.54E-16	Depleted	0.004	0.045
Amaricoccus	6.8	15.474	6.28E-18	1.54E-16	Enriched	0.253	0.002
Salinirepens	-2.494	16.126	7.94E-18	1.92E-16	Depleted	0.075	0.422
Cellvibrio	-3.006	11.774	9.09E-18	2.16E-16	Depleted	0.005	0.04
Polynucleobacter	-6.374	12.967	2.53E-17	5.92E-16	Depleted	0.001	0.083
Motiliproteus	-5.12	12.772	5.89E-17	1.36E-15	Depleted	0.002	0.058
Fluviicola	-0.453	16.342	6.91E-17	1.56E-15	Depleted	0.099	0.136
Croceitalea	8.239	17.367	1.81E-16	4.03E-15	Enriched	0.801	0.003
Gilvibacter	5.293	14.694	2.03E-16	4.45E-15	Enriched	0.134	0.003
Polaribacter	-2.723	16.297	4.78E-16	1.03E-14	Depleted	0.129	0.854
Sedimenticola	-3.511	14.176	4.92E-16	1.05E-14	Depleted	0.023	0.26
Dokdonia	6.014	16.721	5.09E-16	1.07E-14	Enriched	0.416	0.006
Amphritea	-1.59	14.668	8.94E-16	1.85E-14	Depleted	0.048	0.145
Tenacibaculum	-1.106	19.074	1.05E-15	2.15E-14	Depleted	1.23	2.647
Roseibacillus	-3.104	16.72	5.51E-15	1.11E-13	Depleted	0.159	1.369
Tetrasphaera	-4.698	13.824	6.24E-15	1.24E-13	Depleted	0.001	0.03
Spongiimonas	-1.623	14.58	7.64E-15	1.49E-13	Depleted	0.025	0.078
Mucinivorans	-5.769	11.774	1.33E-14	2.56E-13	Depleted	0	0.027
Subdivision3_genera_incertae_sedis	-1.518	13.61	1.57E-14	2.99E-13	Depleted	0.042	0.119
Roseospirillum	-4.717	14.609	2.00E-14	3.76E-13	Depleted	0.006	0.153
Pseudoruegeria	3.748	17.799	2.23E-14	4.13E-13	Enriched	1.756	0.131
Hyphomicrobium	3.709	15.032	3.17E-14	5.81E-13	Enriched	0.272	0.021
Polaromonas	-4.745	13.288	4.28E-14	7.73E-13	Depleted	0.003	0.089
Lechevalieria	-4.327	13.136	5.70E-14	1.02E-12	Depleted	0.004	0.08
Oceaniserpentilla	-3.577	16.085	6.51E-14	1.15E-12	Depleted	0.039	0.471
Ekhidna	4.237	15.01	1.63E-13	2.83E-12	Enriched	0.157	0.008
Thiodictyon	-5.631	13.358	2.46E-13	4.23E-12	Depleted	0.001	0.041
Fulvibacter	-0.324	14.849	3.18E-13	5.40E-12	Depleted	0.025	0.031
Zobellia	8.469	17.096	3.83E-13	6.44E-12	Enriched	0.269	0.001
Desulfosarcina	-2.056	11.773	4.26E-13	7.07E-12	Depleted	0.008	0.033
Mycetocola	-5.569	15.68	6.08E-13	9.97E-12	Depleted	0.002	0.071
Muricauda	6.075	18.911	6.35E-13	1.03E-11	Enriched	0.69	0.01
Thalassobius	6.504	16.156	6.91E-13	1.11E-11	Enriched	0.309	0.003
Ruegeria	2.248	17.505	8.61E-13	1.36E-11	Enriched	1.124	0.237
Rubritalea	-0.838	16.861	8.75E-13	1.37E-11	Depleted	0.582	1.04
Marinicella	4.422	16.623	8.88E-13	1.38E-11	Enriched	0.317	0.015
Roseovarius	2.251	14.799	1.33E-12	2.05E-11	Enriched	0.168	0.035
Labrenzia	3.386	14.802	1.68E-12	2.55E-11	Enriched	0.131	0.012
Endozoicomonas	0.106	15.175	1.70E-12	2.56E-11	Enriched	0.027	0.025
Noviherbaspirillum	-3.793	11.774	3.59E-12	5.33E-11	Depleted	0.002	0.023
Flavicella	-5.798	15.653	4.26E-12	6.27E-11	Depleted	0.005	0.297
Eoetvoesia	-16.887	10.551	5.50E-12	8.00E-11	Depleted	0	0.012
Pelagicoccus	-1.513	14.175	5.63E-12	8.12E-11	Depleted	0.014	0.041
Marixanthomonas	4.577	15.773	6.07E-12	8.66E-11	Enriched	0.118	0.005
Phaeodactylibacter	2.979	17.426	7.52E-12	1.06E-10	Enriched	0.538	0.068
Solitalea	-3.424	11.773	8.33E-12	1.17E-10	Depleted	0.003	0.032
Oleibacter	7.271	17.798	9.73E-12	1.35E-10	Enriched	0.702	0.005
Paracraurococcus	-7.114	12.774	1.15E-11	1.58E-10	Depleted	0	0.023
Kitasatospora	-6.938	12.288	1.16E-11	1.58E-10	Depleted	0	0.02
Thioclava	-16.975	11.288	1.95E-11	2.60E-10	Depleted	0	0.013
Undibacterium	-17.841	11.966	1.95E-11	2.60E-10	Depleted	0	0.023
Roseivirga	2.431	16.639	2.96E-11	3.91E-10	Enriched	0.286	0.053
WPS-1_genera_incertae_sedis	3.978	15.231	3.04E-11	3.98E-10	Enriched	0.209	0.013
Rhodothalassium	-4.598	15.176	3.66E-11	4.74E-10	Depleted	0.006	0.153
Jannaschia	1.937	15.074	4.04E-11	5.19E-10	Enriched	0.228	0.059
Psychromonas	0.734	14.392	4.89E-11	6.24E-10	Enriched	0.054	0.033
Aureicoccus	20.714	16.259	9.79E-11	1.24E-09	Enriched	0.172	0
Alteromonas	5.292	19.66	1.08E-10	1.35E-09	Enriched	4.661	0.119
Hydrogenophaga	-1.399	17.358	1.14E-10	1.41E-09	Depleted	0.172	0.453
Acholeplasma	-8.567	13.824	1.41E-10	1.73E-09	Depleted	0	0.063
Methylosoma	-9.078	14.988	1.48E-10	1.81E-09	Depleted	0	0.09
Albimonas	4.883	15.897	1.61E-10	1.95E-09	Enriched	0.358	0.012
Lacibacterium	-1.459	14.136	2.46E-10	2.95E-09	Depleted	0.035	0.096
Sanguibacter	-5.283	14.053	2.60E-10	3.09E-09	Depleted	0.001	0.045
Octadecabacter	4.176	17.176	2.64E-10	3.12E-09	Enriched	0.301	0.017
Ilumatobacter	-1.769	17.279	3.21E-10	3.75E-09	Depleted	0.299	1.019
Lentilitoribacter	5.434	15.785	4.42E-10	5.13E-09	Enriched	0.131	0.003
Loktanella	2.124	17.261	4.87E-10	5.59E-09	Enriched	1.396	0.32
Aureivirga	-4.072	10.966	4.90E-10	5.59E-09	Depleted	0.001	0.014
Altererythrobacter	3.46	17.175	5.42E-10	6.14E-09	Enriched	0.917	0.083
Ulvibacter	-1.015	16.811	6.60E-10	7.42E-09	Depleted	0.347	0.701
Geofilum	-0.686	13.824	7.74E-10	8.60E-09	Depleted	0.012	0.019
Aequorivita	-0.623	17.242	7.77E-10	8.60E-09	Depleted	0.083	0.128
Fretibacter	6.269	14.61	8.63E-10	9.47E-09	Enriched	0.088	0.001
Methylosphaera	-4.716	16.233	8.69E-10	9.47E-09	Depleted	0.008	0.202
Aciditerrimonas	-4.156	17.349	1.31E-09	1.41E-08	Depleted	0.031	0.556
Arenicella	4.525	17.474	1.43E-09	1.53E-08	Enriched	0.549	0.024
Rhizobium	2.792	16.58	1.59E-09	1.70E-08	Enriched	0.315	0.045
Litorimonas	4.177	17.011	1.87E-09	1.97E-08	Enriched	0.199	0.011
Maricaulis	5.455	17.188	1.88E-09	1.98E-08	Enriched	0.332	0.008
Propionibacterium	2.687	13.425	2.30E-09	2.40E-08	Enriched	0.061	0.009
Gaetbulibacter	-1.837	14.989	2.45E-09	2.53E-08	Depleted	0.149	0.531
Pseudomonas	-0.065	18.61	2.49E-09	2.55E-08	Depleted	1.561	1.633
Naumannella	-17.411	12.551	2.97E-09	3.02E-08	Depleted	0	0.017
Desulfobulbus	-1.704	13.551	3.34E-09	3.38E-08	Depleted	0.04	0.131
Haloferula	-5.339	18.532	3.84E-09	3.86E-08	Depleted	0.148	5.986
Joostella	-4.467	14.214	4.10E-09	4.09E-08	Depleted	0.007	0.151
Umboniibacter	-6.716	14.638	4.34E-09	4.30E-08	Depleted	0.001	0.07
Hydrotalea	-3.605	12.966	4.75E-09	4.68E-08	Depleted	0.003	0.034
Methylovorus	-6.09	10.551	6.38E-09	6.24E-08	Depleted	0	0.011
Nitriliruptor	-5.151	13.666	6.66E-09	6.46E-08	Depleted	0.002	0.065
Aquamicrobium	4.893	18.645	6.76E-09	6.52E-08	Enriched	0.529	0.018
Kaistia	2.579	17.175	6.95E-09	6.66E-08	Enriched	0.625	0.105
Ahrensia	7.389	16.384	7.23E-09	6.88E-08	Enriched	0.127	0.001
Rhodobium	-3.887	14.849	8.74E-09	8.26E-08	Depleted	0.008	0.116
Vallitalea	-4.733	14.61	8.86E-09	8.32E-08	Depleted	0.003	0.089
Dissulfuribacter	-16.694	11.288	1.03E-08	9.62E-08	Depleted	0	0.011
Sporomusa	5.111	16.966	1.14E-08	1.06E-07	Enriched	0.17	0.005
Persicirhabdus	-2.237	13.213	1.19E-08	1.10E-07	Depleted	0.013	0.064
Pseudahrensia	4.053	17.342	1.22E-08	1.12E-07	Enriched	0.578	0.035
Thiogranum	-0.967	14.824	1.80E-08	1.63E-07	Depleted	0.014	0.028
Rubrivirga	5.753	16.799	1.97E-08	1.78E-07	Enriched	0.163	0.003
Psychroserpens	-0.882	16.054	2.32E-08	2.08E-07	Depleted	0.383	0.705
Gracilimonas	-1.521	16.667	2.71E-08	2.41E-07	Depleted	0.086	0.246
Caldicoprobacter	-17.173	11.966	3.58E-08	3.15E-07	Depleted	0	0.015
Tindallia	-17.745	13.288	3.58E-08	3.15E-07	Depleted	0	0.022
Chelativorans	-1.123	14.426	4.72E-08	4.13E-07	Depleted	0.056	0.123
Spongiibacterium	7.786	14.823	5.20E-08	4.52E-07	Enriched	0.084	0
Sphingomicrobium	0.031	15.873	5.60E-08	4.84E-07	Enriched	0.053	0.052
Acidothermus	-4.728	12.288	5.83E-08	5.01E-07	Depleted	0	0.013
Salimicrobium	-7.313	12.967	7.63E-08	6.52E-07	Depleted	0	0.027
Mesorhizobium	5.474	14.897	7.90E-08	6.71E-07	Enriched	0.05	0.001
Meridianimaribacter	2.804	14.58	8.55E-08	7.22E-07	Enriched	0.119	0.017
Sediminibacterium	-2.225	12.424	8.69E-08	7.29E-07	Depleted	0.006	0.027
Corallibacter	-1.246	13.92	9.42E-08	7.86E-07	Depleted	0.038	0.091
Phyllobacterium	3.686	14.747	9.88E-08	8.20E-07	Enriched	0.117	0.009
Nocardioides	4.829	14.357	1.07E-07	8.83E-07	Enriched	0.075	0.003
Litorivivens	6.271	14.609	1.10E-07	9.01E-07	Enriched	0.058	0.001
Microbulbifer	-0.842	16.513	1.76E-07	1.44E-06	Depleted	0.218	0.391
Latescibacteria_genera_incertae_sedis	3.161	14.489	1.81E-07	1.47E-06	Enriched	0.061	0.007
Spartobacteria_genera_incertae_sedis	-4.289	11.288	2.45E-07	1.97E-06	Depleted	0.001	0.016
Leptobacterium	9.409	18.846	2.93E-07	2.35E-06	Enriched	0.515	0.001
Gp22	2.623	14.92	3.33E-07	2.65E-06	Enriched	0.133	0.022
Desulfomonile	3.056	14.747	3.45E-07	2.74E-06	Enriched	0.192	0.023
Sulfurimonas	-1.371	12.966	3.93E-07	3.10E-06	Depleted	0.011	0.028
Limisphaera	-15.588	9.967	4.26E-07	3.34E-06	Depleted	0	0.005
Opitutus	-2.662	11.288	4.44E-07	3.46E-06	Depleted	0.002	0.015
Oleiphilus	4.147	15.49	5.09E-07	3.94E-06	Enriched	0.181	0.01
Postechiella	5.788	14.251	6.30E-07	4.86E-06	Enriched	0.042	0.001
Thioalbus	-0.184	15.52	6.68E-07	5.11E-06	Depleted	0.061	0.069
Haematobacter	2.607	16.458	6.70E-07	5.11E-06	Enriched	0.683	0.112
Agarivorans	-2.417	11.288	7.00E-07	5.32E-06	Depleted	0.003	0.018
Staphylococcus	3.831	13.61	7.28E-07	5.50E-06	Enriched	0.032	0.002
Tropicimonas	6.608	14.943	7.81E-07	5.86E-06	Enriched	0.111	0.001
Parasphingopyxis	4.665	14.824	8.25E-07	6.17E-06	Enriched	0.058	0.002
Methylomonas	-5.884	11.288	9.04E-07	6.72E-06	Depleted	0	0.01
Thalassospira	6.366	18.99	1.10E-06	8.14E-06	Enriched	1.093	0.013
Solirubrobacter	-1.382	12.136	1.14E-06	8.40E-06	Depleted	0.006	0.015
Algoriphagus	0.173	15.195	1.17E-06	8.57E-06	Enriched	0.031	0.028
Neptuniibacter	1.101	18.315	1.19E-06	8.63E-06	Enriched	0.359	0.167
Arcobacter	0.068	18.536	1.20E-06	8.70E-06	Enriched	0.216	0.206
Saccharibacteria_genera_incertae_sedis	-1.349	11.966	1.23E-06	8.88E-06	Depleted	0.006	0.014
Salinimicrobium	0.152	14.667	1.24E-06	8.88E-06	Enriched	0.017	0.015
Lysinimicrobium	-15.694	9.966	1.47E-06	1.05E-05	Depleted	0	0.005
Desulfofaba	-1.969	11.773	1.50E-06	1.07E-05	Depleted	0.003	0.012
Rubinisphaera	2.226	15.323	1.79E-06	1.26E-05	Enriched	0.223	0.048
Ferrimicrobium	3.105	14.58	2.09E-06	1.47E-05	Enriched	0.029	0.003
Lentisphaera	-1.234	12.288	2.27E-06	1.59E-05	Depleted	0.009	0.022
Brumimicrobium	-0.427	14.096	2.34E-06	1.63E-05	Depleted	0.071	0.095
Zooshikella	3.593	13.287	2.55E-06	1.77E-05	Enriched	0.032	0.003
Oceanicola	17.892	13.136	2.79E-06	1.92E-05	Enriched	0.024	0
Aestuariispira	3.544	13.721	2.83E-06	1.94E-05	Enriched	0.062	0.005
Pirellula	4.14	14.011	2.89E-06	1.97E-05	Enriched	0.107	0.006
Gryllotalpicola	-5.506	13.721	3.43E-06	2.33E-05	Depleted	0	0.015
Longispora	-3.407	11.773	3.48E-06	2.35E-05	Depleted	0.001	0.011
Thermanaeromonas	17.535	12.136	3.69E-06	2.49E-05	Enriched	0.019	0
Teredinibacter	6.012	18.037	3.87E-06	2.59E-05	Enriched	0.513	0.008
Geminicoccus	3.264	13.136	4.14E-06	2.76E-05	Enriched	0.022	0.002
Paraoerskovia	-0.727	16.242	4.19E-06	2.78E-05	Depleted	0.082	0.136
Devosia	2.592	15.504	4.46E-06	2.94E-05	Enriched	0.16	0.027
Aeromonas	-2.253	15.156	5.03E-06	3.28E-05	Depleted	0.019	0.089
Taonella	-15.472	10.551	5.04E-06	3.28E-05	Depleted	0	0.005
Arcicella	-16.531	11.288	5.04E-06	3.28E-05	Depleted	0	0.009
Flaviramulus	-0.989	16.529	6.13E-06	3.97E-05	Depleted	0.124	0.245
Agromyces	-3.087	12.966	6.35E-06	4.10E-05	Depleted	0.004	0.033
Ferrithrix	5.098	14.799	6.46E-06	4.15E-05	Enriched	0.104	0.003
Litorilinea	7.839	16.106	7.31E-06	4.68E-05	Enriched	0.347	0.002
Arenibacter	4.698	15.156	8.06E-06	5.13E-05	Enriched	0.059	0.002
Propionivibrio	-2.922	10.967	8.69E-06	5.51E-05	Depleted	0.001	0.008
Roseibium	3.667	14.135	9.51E-06	6.01E-05	Enriched	0.038	0.003
Echinicola	5.529	13.824	1.03E-05	6.49E-05	Enriched	0.035	0.001
Methylovulum	-7.523	13.358	1.05E-05	6.56E-05	Depleted	0	0.031
Caldilinea	17.941	13.551	1.13E-05	7.02E-05	Enriched	0.025	0
Pelagibius	0.441	15.707	1.19E-05	7.38E-05	Enriched	0.095	0.07
Flavobacterium	-0.564	16.908	1.21E-05	7.48E-05	Depleted	0.21	0.31
Arenimonas	-1.892	11.966	1.22E-05	7.48E-05	Depleted	0.005	0.019
Adhaeribacter	5.242	14.551	1.23E-05	7.54E-05	Enriched	0.043	0.001
Shimia	1.503	16.601	1.25E-05	7.61E-05	Enriched	0.204	0.072
Parasegetibacter	-1.664	11.967	1.33E-05	8.10E-05	Depleted	0.005	0.017
Rarobacter	-15.209	9.967	1.73E-05	0.000104659	Depleted	0	0.004
Halorhodospira	-4.354	11.966	1.76E-05	0.000105771	Depleted	0	0.01
Aridibacter	6.596	15.136	1.81E-05	0.000108563	Enriched	0.037	0
Nannocystis	3.687	14.919	2.06E-05	0.000122892	Enriched	0.054	0.004
Rhodovulum	2.548	14.848	2.24E-05	0.000133065	Enriched	0.151	0.026
Falsochrobactrum	-1.646	14.392	2.27E-05	0.000134564	Depleted	0.02	0.064
Maricurvus	4.891	17.707	2.48E-05	0.000146134	Enriched	0.258	0.009
Mameliella	1.909	16.557	2.52E-05	0.000147981	Enriched	0.499	0.133
Rhodovibrio	20.468	14.798	2.57E-05	0.000150522	Enriched	0.145	0
Aquihabitans	3.217	16.653	2.79E-05	0.000162781	Enriched	0.166	0.018
Thalassotalea	3.668	17.106	2.99E-05	0.000173711	Enriched	0.116	0.009
Candidatus_Kuenenia	2.003	13.72	3.41E-05	0.000196991	Enriched	0.041	0.01
Halomonas	0.174	16.787	3.58E-05	0.000205905	Enriched	0.186	0.165
Oceanicella	-1.563	10.967	3.73E-05	0.000213806	Depleted	0.003	0.01
Francisella	2.787	16.942	3.86E-05	0.000220462	Enriched	0.086	0.012
Alkaliflexus	-4.643	12.551	3.94E-05	0.000224067	Depleted	0	0.008
Methyloferula	4.53	12.288	4.36E-05	0.000246704	Enriched	0.018	0.001
Nioella	4.37	14.799	4.71E-05	0.000265684	Enriched	0.047	0.002
Truepera	3.07	13.214	4.76E-05	0.000267523	Enriched	0.035	0.004
Pseudohalocynthiibacter	2.539	14.942	5.41E-05	0.000302952	Enriched	0.097	0.017
Streptococcus	1.872	12.549	5.45E-05	0.000304037	Enriched	0.026	0.007
Rhodothermus	4.722	12.773	5.48E-05	0.000304283	Enriched	0.02	0.001
Anaerosalibacter	4.785	13.135	5.67E-05	0.000312827	Enriched	0.031	0.001
Peredibacter	-0.808	14.944	5.68E-05	0.000312827	Depleted	0.036	0.064
Martelella	5.14	14.897	5.77E-05	0.000316903	Enriched	0.107	0.003
Nitrosococcus	18.529	14.966	5.83E-05	0.000318602	Enriched	0.038	0
Dehalospirillum	-14.887	9.966	5.95E-05	0.00032309	Depleted	0	0.003
Methylohalobius	-15.974	11.773	5.95E-05	0.00032309	Depleted	0	0.006
Clostridium_XVIII	-1.426	12.287	6.11E-05	0.000330318	Depleted	0.002	0.005
Cocleimonas	6.115	16.536	6.20E-05	0.000333874	Enriched	0.184	0.003
Anderseniella	3.27	14.988	7.13E-05	0.000382634	Enriched	0.226	0.023
Hoeflea	1.226	14.667	7.16E-05	0.000382634	Enriched	0.134	0.057
Haliea	0.056	15.942	7.55E-05	0.00040189	Enriched	0.261	0.252
Fastidiosipila	16.872	11.773	7.64E-05	0.000405293	Enriched	0.012	0
Mesonia	-1.464	14.694	8.38E-05	0.000442982	Depleted	0.02	0.054
Halochromatium	4.393	13.214	8.60E-05	0.000453087	Enriched	0.032	0.002
Terrabacter	-4.394	14.666	8.68E-05	0.00045529	Depleted	0.001	0.028
Roseiarcus	-0.618	14.214	9.33E-05	0.000487939	Depleted	0.025	0.039
Blastocatella	4.633	16.824	0.000109676	0.000571198	Enriched	0.075	0.003
Facklamia	-6.184	12.136	0.000121548	0.000630724	Depleted	0	0.012
Aureispira	0.814	15.566	0.000127364	0.00065851	Enriched	0.099	0.056
Methyloligella	3.528	14.551	0.000128689	0.000662956	Enriched	0.14	0.012
Micrococcus	16.79	11.551	0.000131037	0.000671728	Enriched	0.011	0
Olleya	2.71	14.943	0.000131333	0.000671728	Enriched	0.206	0.031
Thioalkalivibrio	1.43	14.288	0.000134167	0.000683775	Enriched	0.14	0.052
Leucothrix	5.971	15.536	0.000144873	0.000735709	Enriched	0.047	0.001
Pedobacter	-0.482	12.666	0.00015357	0.00077711	Depleted	0.014	0.019
Acidimicrobium	-3.718	13.288	0.000157668	0.000795027	Depleted	0.004	0.053
Psychrilyobacter	-2.184	10.966	0.000160034	0.000804113	Depleted	0.002	0.009
Marinomonas	-0.999	17.602	0.000168657	0.000844469	Depleted	0.158	0.315
Amorphus	-1.502	16.315	0.000169388	0.000845162	Depleted	0.101	0.286
Azoarcus	-3.044	14.288	0.000173479	0.000862558	Depleted	0.023	0.188
Plesiocystis	4.648	15.27	0.000187156	0.00092733	Enriched	0.076	0.003
Haliscomenobacter	2.38	16.483	0.000191724	0.000946677	Enriched	0.306	0.059
Pararhodospirillum	3.421	13.773	0.00019718	0.000970262	Enriched	0.037	0.003
Saccharospirillum	5.722	13.551	0.000202113	0.000991117	Enriched	0.02	0
Trueperella	-14.887	10.551	0.000205434	0.000997376	Depleted	0	0.003
Defluviicoccus	-14.695	9.966	0.000205461	0.000997376	Depleted	0	0.003
Dethiosulfatibacter	-16.695	12.426	0.000205486	0.000997376	Depleted	0	0.011
Rickettsia	0.322	17.341	0.000214193	0.001036114	Enriched	0.152	0.122
Thalassomonas	2.951	15.61	0.000230214	0.001109848	Enriched	0.108	0.014
Marinobacter	3.046	18.24	0.000233768	0.001123189	Enriched	1.402	0.17
Zhongshania	2.96	15.681	0.000238089	0.001140112	Enriched	0.065	0.008
Sediminibacter	-2.67	10.551	0.000245835	0.001173265	Depleted	0.001	0.005
Methylobacterium	4.734	17.793	0.000257998	0.001227211	Enriched	0.181	0.007
Paraglaciecola	5.472	17.688	0.000263247	0.00124802	Enriched	0.252	0.006
Paracoccus	2.651	15.733	0.000265234	0.001253273	Enriched	0.131	0.021
Nitrosospira	1.415	16.065	0.000266746	0.00125626	Enriched	0.358	0.134
Luteolibacter	-0.073	14.694	0.000269262	0.001263935	Depleted	0.097	0.102
Paludibacter	-2.102	10.966	0.00027971	0.001308677	Depleted	0.002	0.006
Desulfomicrobium	3.722	10.967	0.000284138	0.001325047	Enriched	0.01	0.001
Gp7	3.497	11.773	0.000325799	0.001514382	Enriched	0.013	0.001
Flagellimonas	5.025	12.136	0.000333811	0.001546588	Enriched	0.012	0
Pseudoteredinibacter	4.173	15.175	0.000337148	0.001556992	Enriched	0.041	0.002
Desulfatitalea	-0.903	11.288	0.000371096	0.00170824	Depleted	0.01	0.019
Stappia	18.645	15.376	0.000381926	0.001752439	Enriched	0.041	0
Candidatus_Anammoxoglobus	3.638	13.919	0.000404933	0.001852048	Enriched	0.033	0.003
Oxalophagus	-4.354	9.966	0.000420437	0.001916815	Depleted	0	0.003
Rheinheimera	0.447	13.824	0.000426086	0.001936384	Enriched	0.032	0.023
Nitrincola	3.509	13.873	0.00044462	0.002014201	Enriched	0.065	0.006
Gp6	2.096	13.214	0.000456131	0.002059606	Enriched	0.04	0.009
Gallaecimonas	4.005	12.965	0.00045753	0.002059606	Enriched	0.012	0.001
Pseudopelagicola	2.265	15.252	0.000474148	0.0021277	Enriched	0.162	0.034
Sinomicrobium	5.527	16.195	0.000479806	0.002146341	Enriched	0.07	0.002
Kinneretia	16.811	11.55	0.00049833	0.002220272	Enriched	0.011	0
Gp10	4.453	16.909	0.000499444	0.002220272	Enriched	0.764	0.035
Winogradskyella	2.087	16.359	0.00053075	0.002352113	Enriched	0.863	0.203
Marispirillum	-0.699	13.054	0.000545732	0.002411019	Depleted	0.008	0.013
Dyella	-3.769	10.966	0.000606969	0.002673288	Depleted	0	0.005
Roseivivax	1.777	13.053	0.000621915	0.002730684	Enriched	0.025	0.007
Planctomicrobium	2.494	12.666	0.000632889	0.002764723	Enriched	0.021	0.004
Balneatrix	3.541	14.72	0.000633542	0.002764723	Enriched	0.097	0.008
Tolumonas	-3.184	10.551	0.000645897	0.002809195	Depleted	0.001	0.006
Gp4	16.79	12.667	0.000649639	0.002809195	Enriched	0.011	0
Oceanicaulis	17.178	12.665	0.000649639	0.002809195	Enriched	0.015	0
Demequina	-2.831	13.92	0.00066282	0.002857536	Depleted	0.019	0.135
Desulfotomaculum	1.095	12.287	0.00066952	0.002877724	Enriched	0.033	0.016
Phycisphaera	2.124	14.72	0.000674438	0.002883962	Enriched	0.158	0.036
Limnohabitans	-0.776	16.315	0.000675447	0.002883962	Depleted	0.107	0.183
BRC1_genera_incertae_sedis	-1.632	14.824	0.000677034	0.002883962	Depleted	0.018	0.057
Parapedobacter	-14.209	8.966	0.000713096	0.003028536	Depleted	0	0.002
Advenella	-2.547	11.288	0.000724384	0.003067345	Depleted	0.001	0.007
Tangfeifania	-1.394	11.287	0.000803532	0.003392428	Depleted	0.005	0.014
Enhydrobacter	4.04	13.873	0.000808588	0.003397503	Enriched	0.031	0.002
Youngimonas	-4.959	14.489	0.000809496	0.003397503	Depleted	0.006	0.181
Fibrobacter	-1.448	11.288	0.000839932	0.003491547	Depleted	0.002	0.005
Thioprofundum	1.89	17.722	0.000842634	0.003491547	Enriched	0.907	0.245
Desulfatiferula	16.725	12.425	0.000846207	0.003491547	Enriched	0.011	0
Perspicuibacter	16.912	12.426	0.000846296	0.003491547	Enriched	0.012	0
Pseudozobellia	18.573	16.043	0.00084655	0.003491547	Enriched	0.039	0
Pseudonocardia	20.486	16.835	0.000846584	0.003491547	Enriched	0.147	0
Planctopirus	2.965	13.919	0.000866063	0.003561591	Enriched	0.035	0.005
Leptospira	-2.15	11.966	0.000973566	0.003992179	Depleted	0.003	0.016
Pricia	5.89	16.624	0.000979135	0.004003513	Enriched	0.09	0.002
Sandarakinorhabdus	-1.847	13.424	0.00099055	0.004038615	Depleted	0.008	0.029
Thermoanaerobaculum	6.246	13.873	0.000994093	0.00404151	Enriched	0.057	0.001
Alcanivorax	3.535	19.491	0.001034715	0.004194709	Enriched	2.477	0.214
Steroidobacter	-2.494	13.053	0.00106183	0.004292439	Depleted	0.011	0.065
Roseospira	16.811	13.666	0.001102568	0.00443235	Enriched	0.011	0
Caminicella	20.551	14.919	0.001102652	0.00443235	Enriched	0.154	0
Desulfarculus	-1.232	12.136	0.001109854	0.004448769	Depleted	0.005	0.012
Gp3	3.893	13.49	0.00116124	0.004641709	Enriched	0.051	0.003
Henriciella	1.757	13.053	0.001203669	0.004797863	Enriched	0.028	0.008
Bradymonas	3.485	15.287	0.001264342	0.005015149	Enriched	0.047	0.004
Microcella	6.045	13.135	0.001265209	0.005015149	Enriched	0.025	0
Tateyamaria	-0.373	16.954	0.00128984	0.005098621	Depleted	0.737	0.954
Gillisia	18.888	14.58	0.001435522	0.005612381	Enriched	0.049	0
Edaphobacter	19.958	15.391	0.001435526	0.005612381	Enriched	0.102	0
Gp1	20.38	14.72	0.001435542	0.005612381	Enriched	0.136	0
Salinispora	20.749	15.195	0.001435542	0.005612381	Enriched	0.176	0
Jejudonia	3.597	12.966	0.001443315	0.005617685	Enriched	0.018	0.002
Bermanella	6.822	19.222	0.001444773	0.005617685	Enriched	0.428	0.004
Pseudorhodobacter	-0.713	13.053	0.00145439	0.005639712	Depleted	0.014	0.023
Bosea	4.648	17.085	0.001596686	0.006174718	Enriched	0.076	0.003
Desulfobaculum	3.275	13.551	0.001603232	0.006183278	Enriched	0.062	0.006
Pleomorphomonas	0.726	14.095	0.0016308	0.006272647	Enriched	0.021	0.012
Parachlamydia	2.738	13.873	0.00164195	0.006298555	Enriched	0.045	0.007
Salinibacter	-0.023	13.772	0.001652921	0.006311399	Depleted	0.064	0.066
Haliangium	2.932	15.032	0.001654144	0.006311399	Enriched	0.159	0.021
Spongiivirga	0.698	16.666	0.001797159	0.006838789	Enriched	0.231	0.142
Aerococcus	-2.096	12.136	0.001820903	0.006910714	Depleted	0.003	0.012
Gilvimarinus	2.175	16.031	0.001863323	0.007052448	Enriched	0.154	0.034
Aurantimonas	17.458	14.214	0.001868133	0.007052448	Enriched	0.018	0
Pseudooctadecabacter	1.156	14.693	0.00190206	0.007161582	Enriched	0.093	0.042
Gp26	-3.906	12.287	0.001957319	0.007339381	Depleted	0.001	0.012
Rubricoccus	4.22	13.358	0.001959568	0.007339381	Enriched	0.021	0.001
Janthinobacterium	-2.991	10.551	0.001975905	0.007381195	Depleted	0.001	0.005
Thiolapillus	-1.121	15.074	0.002038863	0.007596495	Depleted	0.05	0.109
Thiothrix	3.83	18.366	0.002105804	0.007825474	Enriched	0.178	0.012
Oceanibacterium	-2.224	13.773	0.002156494	0.007993028	Depleted	0.018	0.083
Diplorickettsia	-2.506	9.966	0.002162094	0.007993028	Depleted	0.001	0.004
Nocardia	4.431	11.773	0.002171873	0.008008432	Enriched	0.008	0
Flexithrix	5.466	14.175	0.00228521	0.008404626	Enriched	0.033	0.001
Acetobacterium	-1.299	11.774	0.002342626	0.008593642	Depleted	0.002	0.005
Gordonia	18.579	15.425	0.002430732	0.008893986	Enriched	0.039	0
Glaciecola	5.388	17.075	0.002455923	0.008963177	Enriched	0.127	0.003
Sulfuricurvum	-13.887	8.967	0.002501863	0.009107546	Depleted	0	0.002
Aestuariibacter	1.988	16.279	0.002606017	0.009462561	Enriched	0.347	0.087
Hellea	0.701	15.505	0.002652079	0.009605372	Enriched	0.099	0.061
Grimontia	5.793	14.054	0.002805803	0.010136408	Enriched	0.021	0
Prevotella	-1.481	13.824	0.002835609	0.010218216	Depleted	0.009	0.027
Pleionea	4.965	12.425	0.002921449	0.010501027	Enriched	0.012	0
Thiomicrospira	2.589	15.943	0.002979833	0.010683976	Enriched	0.064	0.011
Aquisalimonas	4.172	11.287	0.003011311	0.010769776	Enriched	0.007	0
Cystobacter	2.779	12.667	0.003040803	0.010848066	Enriched	0.013	0.002
Boseongicola	2.884	14.358	0.003147991	0.011202453	Enriched	0.154	0.021
Citreicella	-0.044	16.417	0.003285078	0.011661211	Depleted	0.449	0.463
Treponema	3.4	12.136	0.003376499	0.011955992	Enriched	0.008	0.001
Salinimonas	1.218	14.175	0.00338871	0.011969528	Enriched	0.07	0.03
Pseudomaricurvus	3.066	15.233	0.003643408	0.012837392	Enriched	0.12	0.014
Pelagimonas	4.025	11.966	0.003782858	0.013295908	Enriched	0.012	0.001
Rhodanobacter	4.191	11.967	0.003794829	0.013305213	Enriched	0.014	0.001
Psychrobium	4.648	13.136	0.003899549	0.013638865	Enriched	0.019	0.001
Thiorhodococcus	4.501	14.488	0.003948368	0.013775846	Enriched	0.017	0.001
Hwanghaeicola	0.003	12.666	0.004304278	0.014980989	Enriched	0.007	0.007
Desulfobacula	-0.95	12.135	0.004337639	0.015060367	Depleted	0.003	0.006
Acidovorax	-0.584	12.551	0.004355235	0.015084759	Depleted	0.008	0.012
Luteibaculum	6.566	16.653	0.004421911	0.015278614	Enriched	0.108	0.001
Agrococcus	-2.421	13.358	0.004538144	0.015642346	Depleted	0.002	0.012
Nonlabens	3.441	15.425	0.004551345	0.015650045	Enriched	0.049	0.005
Eudoraea	2.135	14.92	0.00468665	0.016043284	Enriched	0.105	0.024
Georgfuchsia	-4.183	9.966	0.004699246	0.016043284	Depleted	0	0.003
Weissella	-7.925	14.52	0.004699434	0.016043284	Depleted	0	0.041
Sutterella	-3.768	9.964	0.004759593	0.016209878	Depleted	0	0.002
Hymenobacter	5.364	14.798	0.00477404	0.01622037	Enriched	0.031	0.001
Cytophaga	-4.354	11.288	0.004790696	0.016238299	Depleted	0	0.003
Phaeovibrio	-4.059	12.287	0.00482183	0.016305098	Depleted	0	0.008
Desulfatirhabdium	-3.768	9.966	0.004852992	0.016371677	Depleted	0	0.002
Flavihumibacter	-0.13	13.213	0.004992676	0.016719955	Depleted	0.004	0.005
Actinomadura	-0.789	12.136	0.004992873	0.016719955	Depleted	0.004	0.007
Psychrosphaera	3.875	15.652	0.00500059	0.016719955	Enriched	0.067	0.005
Thiohalobacter	2.621	14.99	0.005010216	0.016719955	Enriched	0.105	0.017
Gp18	5.19	14.391	0.005014815	0.016719955	Enriched	0.014	0
Desulfuromonas	-0.907	13.136	0.005038605	0.016760116	Depleted	0.017	0.032
Parvularcula	1.559	16.242	0.005150471	0.017092376	Enriched	0.337	0.114
Corallomonas	2.816	15.458	0.00520983	0.017249251	Enriched	0.029	0.004
Pseudarcicella	-1.935	12.425	0.005524071	0.018247336	Depleted	0.004	0.014
Denitratisoma	3.161	11.772	0.005606489	0.018476813	Enriched	0.01	0.001
Vogesella	-2.992	9.966	0.005712868	0.018709968	Depleted	0	0.003
Xylella	-3.506	10.55	0.005713166	0.018709968	Depleted	0	0.004
Veillonella	-4.708	12.426	0.00571657	0.018709968	Depleted	0.001	0.017
Magnetospira	2.903	13.61	0.006139369	0.02004778	Enriched	0.065	0.009
Leminorella	2.845	10.965	0.006428169	0.020942916	Enriched	0.008	0.001
Roseococcus	18.145	14.965	0.006959019	0.022620776	Enriched	0.029	0
Ochrobactrum	4.347	15.566	0.007147204	0.023179684	Enriched	0.031	0.002
Bacillus	3.572	19.117	0.007696362	0.024904101	Enriched	0.338	0.028
Acinetobacter	0.213	19.03	0.007805026	0.0251674	Enriched	0.587	0.506
Psychrobacter	4.518	18.876	0.007813005	0.0251674	Enriched	0.746	0.033
Kordia	-1.495	16.667	0.007845723	0.025215871	Depleted	0.199	0.561
Bdellovibrio	1.652	13.358	0.007997454	0.025645768	Enriched	0.025	0.008
Thiohalophilus	0.407	16.27	0.008081774	0.025808341	Enriched	0.145	0.109
Croceicoccus	5.208	14.551	0.008084323	0.025808341	Enriched	0.028	0.001
Victivallis	4.487	11.772	0.008287605	0.026398242	Enriched	0.008	0
Marivita	0.717	15.01	0.008375399	0.026618472	Enriched	0.217	0.132
Rhodopila	-13.472	8.966	0.008940467	0.028226155	Depleted	0	0.001
Methylogaea	-13.472	8.966	0.008940467	0.028226155	Depleted	0	0.001
Formivibrio	-13.888	9.966	0.00894059	0.028226155	Depleted	0	0.002
Fodinicola	3.241	14.61	0.009118351	0.028723812	Enriched	0.014	0.002
Maritalea	0.102	12.772	0.010040039	0.031557568	Enriched	0.01	0.009
Bilophila	3.831	13.053	0.01007548	0.031599364	Enriched	0.016	0.001
Piscirickettsia	-4.067	13.053	0.010431918	0.032645498	Depleted	0.001	0.022
Brevibacterium	7.111	15.566	0.010581978	0.033042633	Enriched	0.052	0
Celeribacter	7.859	18.277	0.010671455	0.033249272	Enriched	0.616	0.003
Aureitalea	5.063	13.721	0.010722298	0.033334899	Enriched	0.013	0
Muriicola	5.583	15.156	0.010971417	0.034035243	Enriched	0.018	0
Namhaeicola	1.379	16.458	0.011760314	0.036403401	Enriched	0.055	0.021
Thalassolituus	2.845	12.873	0.012301849	0.03799727	Enriched	0.024	0.003
Bacteroides	-0.467	15.094	0.012529973	0.038618298	Depleted	0.032	0.045
Chitinophaga	3.339	13.721	0.012968402	0.039883427	Enriched	0.027	0.003
Sabulilitoribacter	4.46	13.551	0.013633933	0.041840048	Enriched	0.033	0.002
Saccharicrinis	0.183	14.323	0.013922134	0.042632802	Enriched	0.013	0.012
Draconibacterium	-0.113	14.694	0.013979538	0.042716919	Depleted	0.058	0.063
Microbacterium	2.641	13.824	0.014034866	0.042794347	Enriched	0.028	0.005
Armatimonadetes_gp7	1.268	12.136	0.01434236	0.043638694	Enriched	0.017	0.007
Gp15	3.173	11.773	0.014709871	0.044661671	Enriched	0.007	0.001
Kangiella	2.778	14.747	0.014852195	0.044998051	Enriched	0.107	0.016
Belliella	15.347	12.136	0.015353623	0.046091182	Enriched	0.004	0
Bauldia	16.79	13.873	0.015355234	0.046091182	Enriched	0.011	0
Cycloclasticus	20.793	18.741	0.015355626	0.046091182	Enriched	0.182	0
Geoalkalibacter	15.025	10.551	0.01535567	0.046091182	Enriched	0.003	0
Zhizhongheella	2.663	14.323	0.015374494	0.046091182	Enriched	0.024	0.004
Zoogloea	1.775	15.68	0.01635581	0.048826904	Enriched	0.023	0.007
Lautropia	-1.863	9.966	0.016369185	0.048826904	Depleted	0.001	0.003
Oleispira	3.837	15.681	0.01638969	0.048826904	Enriched	0.103	0.007
Thiophaeococcus	5.287	15.988	0.016900286	0.050243143	Enriched	0.384	0.01
Cyclobacterium	2.095	12.667	0.017414827	0.051665193	Enriched	0.011	0.003
Enhygromyxa	2.965	14.01	0.017703104	0.052411473	Enriched	0.047	0.006
Desulfofrigus	-2.507	8.967	0.017892637	0.052862925	Depleted	0	0.002
Telmatocola	-0.184	11.551	0.018346291	0.054091234	Depleted	0.002	0.002
Desulfosoma	2.642	13.489	0.019458241	0.057251361	Enriched	0.038	0.006
Alkalibacterium	15.347	11.288	0.020020856	0.058502425	Enriched	0.004	0
Ensifer	16.025	13.054	0.020021198	0.058502425	Enriched	0.007	0
Gaetbulimicrobium	18.883	16.639	0.020021312	0.058502425	Enriched	0.048	0
Anoxybacillus	3.05	14.251	0.020047432	0.058502425	Enriched	0.019	0.002
Povalibacter	-0.885	11.288	0.020225949	0.058902916	Depleted	0.003	0.005
Diaphorobacter	0.222	14.214	0.021289525	0.061874036	Enriched	0.027	0.023
Hyunsoonleella	3.113	12.425	0.02138796	0.061966746	Enriched	0.01	0.001
Nitrosopumilus	-0.713	16.943	0.021408273	0.061966746	Depleted	0.24	0.393
Paramoritella	-1.184	10.551	0.021700498	0.062628292	Depleted	0.002	0.004
Eionea	3.639	17.574	0.0217246	0.062628292	Enriched	0.142	0.011
Lacinutrix	-0.769	12.967	0.022588843	0.064988466	Depleted	0.006	0.01
Acanthopleuribacter	3.86	14.424	0.022713135	0.065214576	Enriched	0.022	0.002
Ectothiorhodospira	1.688	14.897	0.023107622	0.066214008	Enriched	0.185	0.058
Phaeospirillum	5.199	15.786	0.02316805	0.066254122	Enriched	0.028	0.001
Ferrovibrio	5.635	13.136	0.02329033	0.066470601	Enriched	0.019	0
Porticoccus	0.832	15.176	0.023529735	0.067019825	Enriched	0.148	0.083
Anaeromyxobacter	3.86	11.773	0.024130776	0.068469545	Enriched	0.006	0
Fulvimarina	4.441	14.694	0.024134675	0.068469545	Enriched	0.025	0.001
Klebsiella	-0.547	12.667	0.024626941	0.069727471	Depleted	0.012	0.017
Kiloniella	2.816	12.551	0.024882333	0.070311067	Enriched	0.008	0.001
Nitritalea	15.403	12.287	0.026133602	0.073270905	Enriched	0.004	0
Kofleria	15.347	12.425	0.02613435	0.073270905	Enriched	0.004	0
Brenneria	16.873	13.824	0.026134798	0.073270905	Enriched	0.012	0
Thioalkalispira	21.317	18.1	0.026135172	0.073270905	Enriched	0.261	0
Stenotrophomonas	6.197	19.183	0.026241324	0.073424253	Enriched	0.278	0.004
Algicola	3.888	14.01	0.02681182	0.074873713	Enriched	0.017	0.001
Rhodopirellula	1.669	17.967	0.026925044	0.075043043	Enriched	0.827	0.26
Alicyclobacillus	3.4	13.053	0.029309002	0.08152816	Enriched	0.016	0.002
Viridibacillus	-1.032	9.967	0.030466261	0.084582402	Depleted	0.002	0.003
Mycoplasma	5.87	13.135	0.030531338	0.084598485	Enriched	0.022	0
Methyloparacoccus	-0.237	12.136	0.032008819	0.088520512	Depleted	0.009	0.011
Thermolithobacter	2.339	11.772	0.032758224	0.089833299	Enriched	0.004	0.001
Ascidiaceihabitans	2.254	17.367	0.032944401	0.089833299	Enriched	0.123	0.026
Desulforegula	-12.887	8.966	0.03309513	0.089833299	Depleted	0	0.001
Amnibacterium	-12.887	8.966	0.03309513	0.089833299	Depleted	0	0.001
Smithella	-13.473	9.966	0.033095602	0.089833299	Depleted	0	0.001
Chromatium	-12.887	8.966	0.033095602	0.089833299	Depleted	0	0.001
Novispirillum	-12.888	8.967	0.033095602	0.089833299	Depleted	0	0.001
Methylorosula	-13.472	9.966	0.033095602	0.089833299	Depleted	0	0.001
Mogibacterium	-12.888	8.967	0.033095602	0.089833299	Depleted	0	0.001
Ponticaulis	0.386	18.342	0.033113045	0.089833299	Enriched	0.777	0.595
Erythromicrobium	5.43	16.242	0.033745089	0.091276796	Enriched	0.049	0.001
Portibacter	0.901	16.883	0.033773054	0.091276796	Enriched	0.678	0.363
Minicystis	15.832	12.424	0.034168156	0.091740871	Enriched	0.006	0
Hathewaya	14.703	10.551	0.034168255	0.091740871	Enriched	0.003	0
Natronincola	15.56	12.55	0.03416855	0.091740871	Enriched	0.005	0
Gramella	1.749	15.624	0.034201923	0.091740871	Enriched	0.084	0.025
Verrucomicrobium	1.782	11.774	0.034360785	0.091994072	Enriched	0.014	0.004
Methylothermus	3.376	16.165	0.03490215	0.093268479	Enriched	0.059	0.006
Cerasicoccus	-2.464	13.425	0.034977557	0.093295279	Depleted	0.005	0.026
Crocinitomix	0.705	15.908	0.035289826	0.09380742	Enriched	0.168	0.103
Actinoplanes	-0.834	14.721	0.035387765	0.09380742	Depleted	0.053	0.095
Olivibacter	2.217	14.92	0.035414271	0.09380742	Enriched	0.037	0.008
Mangroviflexus	-0.632	10.966	0.03545094	0.09380742	Depleted	0.004	0.006
Nocardiopsis	-1.085	11.551	0.035498253	0.09380742	Depleted	0.002	0.005
Runella	-0.014	11.551	0.036014414	0.094995506	Depleted	0.003	0.003
Litoricola	2.012	13.965	0.036605477	0.096376413	Enriched	0.018	0.005
Ramlibacter	-0.091	14.638	0.037676145	0.099012632	Depleted	0.048	0.051
Desulfonatronum	1.132	14.136	0.03784068	0.099262224	Enriched	0.044	0.02
Atopobium	1.459	11.288	0.038247565	0.100128268	Enriched	0.008	0.003
Blastochloris	2.194	11.967	0.038311166	0.100128268	Enriched	0.009	0.002
Alkanindiges	4.525	14.551	0.038969672	0.101663112	Enriched	0.026	0.001
Desulfonatronospira	4.135	17.965	0.039433497	0.102685401	Enriched	0.18	0.01
Wenyingzhuangia	6.181	18.446	0.040000909	0.103973219	Enriched	0.247	0.003
Desulfohalobium	2.623	11.287	0.04040281	0.104826927	Enriched	0.005	0.001
Mariniradius	3.623	12.136	0.040537666	0.104985932	Enriched	0.005	0
Nitratireductor	3.253	14.053	0.04145027	0.107154954	Enriched	0.022	0.002
Ilyobacter	0.911	13.551	0.043457901	0.112141817	Enriched	0.016	0.008
Pibocella	14.288	10.551	0.044759256	0.114271822	Enriched	0.002	0
Nakamurella	14.703	10.966	0.044761205	0.114271822	Enriched	0.003	0
Kocuria	15.288	12.873	0.044761205	0.114271822	Enriched	0.004	0
Sporobacter	19.215	17.064	0.044763674	0.114271822	Enriched	0.061	0
Subsaximicrobium	18.318	16.116	0.044763674	0.114271822	Enriched	0.033	0
Ornithinimicrobium	19.159	15.861	0.044763804	0.114271822	Enriched	0.059	0
Bradyrhizobium	2.723	12.551	0.045273118	0.115365607	Enriched	0.008	0.001
Kriegella	-0.009	13.92	0.04651761	0.118325544	Depleted	0.01	0.01
Thermoanaerobacter	-0.114	11.288	0.047080033	0.119543072	Depleted	0.004	0.004
Candidimonas	1.903	10.965	0.047236993	0.119728577	Enriched	0.006	0.002
Ideonella	1.62	16.58	0.047887023	0.12116096	Enriched	0.152	0.05
Marivirga	1.969	13.773	0.04956739	0.125190559	Enriched	0.03	0.008
Hydrocarboniphaga	3.459	11.967	0.049693295	0.125286805	Enriched	0.008	0.001
Desulfosalsimonas	0.013	11.551	0.050364474	0.126755034	NotSig	0.006	0.006
Dietzia	2.208	10.551	0.050506121	0.126887737	NotSig	0.004	0.001
Pontibacter	0.781	14.825	0.052115352	0.130466556	NotSig	0.048	0.028
Desulfatiglans	3.321	15.136	0.05215959	0.130466556	NotSig	0.027	0.003
Saccharofermentans	-4.353	11.287	0.052204908	0.130466556	NotSig	0	0.003
Singulisphaera	-0.816	14.458	0.052304448	0.130486795	NotSig	0.012	0.021
Salinisphaera	0.284	14.094	0.052425405	0.130560301	NotSig	0.026	0.021
Luteimonas	2.57	14.92	0.052782254	0.131079891	NotSig	0.018	0.003
Brevifollis	-3.506	10.551	0.052817756	0.131079891	NotSig	0	0.002
Rhodocytophaga	3.459	10.967	0.053173127	0.13173273	NotSig	0.004	0
Taibaiella	-0.407	11.287	0.053473614	0.132247569	NotSig	0.004	0.005
Cloacibacillus	-1.769	9.967	0.054065093	0.133479044	NotSig	0	0.001
Roseburia	-0.599	11.288	0.054201787	0.133585406	NotSig	0.001	0.002
Roseomonas	-0.396	11.774	0.054441984	0.133946054	NotSig	0.003	0.004
Blastococcus	14.162	9.967	0.058797464	0.143429818	NotSig	0.002	0
Rhodospirillum	13.873	9.965	0.058798327	0.143429818	NotSig	0.001	0
Brachybacterium	14.951	11.773	0.058799017	0.143429818	NotSig	0.003	0
Jeotgalicoccus	17.146	15.214	0.058799017	0.143429818	NotSig	0.015	0
Microscilla	16.769	13.359	0.058799189	0.143429818	NotSig	0.011	0
Tepidamorphus	1.52	13.358	0.060436277	0.147171616	NotSig	0.031	0.011
Oceanospirillum	0.874	16.811	0.060779259	0.147754688	NotSig	0.299	0.163
Phenylobacterium	4.324	13.55	0.062804767	0.152419052	NotSig	0.015	0.001
Azorhizobium	1.815	13.61	0.065705674	0.159188448	NotSig	0.015	0.004
Catalinimonas	3.986	12.287	0.067420168	0.162741183	NotSig	0.006	0
Nitrospira	6.655	17.848	0.067547636	0.162741183	NotSig	1.183	0.012
Gemmobacter	1.361	14.824	0.067601262	0.162741183	NotSig	0.048	0.019
Syntrophomonas	2.516	9.966	0.067628256	0.162741183	NotSig	0.002	0
Aminicenantes_genera_incertae_sedis	-0.992	10.551	0.068253268	0.163729414	NotSig	0.001	0.003
Intestinibacter	3.86	11.551	0.068268396	0.163729414	NotSig	0.006	0
Poribacteria_genera_incertae_sedis	2.622	9.966	0.06978048	0.167075074	NotSig	0.002	0
Fictibacillus	1.622	10.967	0.071765138	0.171539115	NotSig	0.003	0.001
Vagococcus	-0.143	14.8	0.071989193	0.171683232	NotSig	0.019	0.021
Aestuariihabitans	1.099	13.824	0.072066052	0.171683232	NotSig	0.012	0.006
Solimonas	2.269	17.34	0.073840801	0.175618039	NotSig	0.157	0.033
Armatimonadetes_gp2	0.383	16.921	0.074937518	0.177929848	NotSig	0.135	0.103
Massilia	6.362	19.029	0.075115312	0.178055732	NotSig	0.187	0.002
Oceanococcus	2.576	13.609	0.075281139	0.178152878	NotSig	0.02	0.003
Algimonas	-0.721	16.085	0.075429856	0.17820928	NotSig	0.178	0.293
Arthrobacter	-1.764	16.747	0.07617646	0.179675716	NotSig	0.179	0.606
Dechloromonas	2.936	17.433	0.07692742	0.181147571	NotSig	0.067	0.009
Blastopirellula	1.459	17.186	0.077218157	0.181311563	NotSig	1.415	0.515
Ectothiorhodosinus	14.162	10.966	0.07750414	0.181311563	NotSig	0.002	0
Serinicoccus	13.873	9.966	0.077504832	0.181311563	NotSig	0.001	0
Hydrogenophilus	14.951	11.551	0.077505293	0.181311563	NotSig	0.003	0
Amycolatopsis	0.815	13.213	0.084064091	0.196332992	NotSig	0.005	0.003
Thiomonas	4.291	14.551	0.084345674	0.196652947	NotSig	0.015	0.001
Shewanella	2.026	15.873	0.084476704	0.196652947	NotSig	0.231	0.057
Prosthecobacter	1.985	14.551	0.085719729	0.199221585	NotSig	0.009	0.002
Colwellia	2.022	18.61	0.086419649	0.20052169	NotSig	0.414	0.102
Salisaeta	0.707	14.747	0.086895792	0.201299182	NotSig	0.15	0.092
Enterovibrio	3.031	13.61	0.087903405	0.202928044	NotSig	0.022	0.003
Mesoflavibacter	0.496	17.766	0.087966078	0.202928044	NotSig	0.499	0.354
Seonamhaeicola	3.401	12.288	0.08802555	0.202928044	NotSig	0.004	0
Thermaerobacter	3.208	11.55	0.088299069	0.203230277	NotSig	0.003	0
Sorangium	3.722	11.551	0.08885183	0.204173208	NotSig	0.005	0
Gp16	0.673	12.424	0.089138655	0.204360888	NotSig	0.005	0.003
Algiphilus	4.696	17.976	0.089219925	0.204360888	NotSig	0.412	0.016
Spiribacter	-0.236	11.773	0.089768161	0.205070091	NotSig	0.014	0.016
Haemophilus	2.815	10.551	0.08995772	0.205070091	NotSig	0.003	0
Rhizorhapis	3.612	13.872	0.089960671	0.205070091	NotSig	0.023	0.002
Alkalibacter	0.722	12.136	0.09090944	0.206902347	NotSig	0.007	0.005
Cupriavidus	2.137	11.288	0.092778824	0.210820672	NotSig	0.003	0.001
Sphingopyxis	1.323	15.01	0.095729032	0.217178584	NotSig	0.091	0.036
Inquilinus	1.816	11.773	0.097298938	0.220389817	NotSig	0.005	0.002
Ignavibacterium	-1.506	8.967	0.102059986	0.227272591	NotSig	0.001	0.002
Luteivirga	17.078	15.195	0.102634278	0.227272591	NotSig	0.014	0
Anaerostipes	15.287	13.135	0.102634278	0.227272591	NotSig	0.004	0
Methylocaldum	14.403	10.966	0.102635835	0.227272591	NotSig	0.002	0
Natronocella	13.703	9.966	0.102635835	0.227272591	NotSig	0.001	0
Desulfosporosinus	14.872	12.136	0.102636146	0.227272591	NotSig	0.003	0
Microvirga	13.288	8.967	0.102636146	0.227272591	NotSig	0.001	0
Gp20	14.025	10.966	0.102636146	0.227272591	NotSig	0.002	0
Pusillimonas	13.872	9.965	0.102636768	0.227272591	NotSig	0.001	0
Chlamydophila	14.403	10.966	0.102636768	0.227272591	NotSig	0.002	0
Clostridium_III	15.79	13.666	0.10263708	0.227272591	NotSig	0.006	0
Nitrososphaera	15.346	12.773	0.10263708	0.227272591	NotSig	0.004	0
Acidicaldus	14.702	12.134	0.10263708	0.227272591	NotSig	0.003	0
Alkalilimnicola	16.585	13.772	0.102637391	0.227272591	NotSig	0.01	0
Maritimimonas	0.942	17.315	0.102726574	0.227272591	NotSig	0.231	0.12
Yersinia	-0.853	12.773	0.103148165	0.22785206	NotSig	0.013	0.023
Pectobacterium	-1.388	15.076	0.104226586	0.229878421	NotSig	0.031	0.08
Thiobacillus	-0.506	10.551	0.104570393	0.230035733	NotSig	0.001	0.002
Pseudofulvimonas	1.985	12.426	0.104620316	0.230035733	NotSig	0.011	0.003
Bartonella	0.153	12.136	0.106010997	0.232734912	NotSig	0.015	0.014
Variovorax	2.859	12.136	0.107490189	0.235472236	NotSig	0.005	0.001
Gemmatimonas	-0.582	11.966	0.107587875	0.235472236	NotSig	0.007	0.01
Terrimonas	1.576	14.721	0.109421927	0.239119586	NotSig	0.01	0.003
Aestuariibaculum	3.162	12.551	0.109770603	0.239514757	NotSig	0.01	0.001
Sulfurovum	0.678	14.175	0.111551463	0.242753843	NotSig	0.038	0.024
Lucibacterium	-0.289	16.513	0.111595319	0.242753843	NotSig	0.098	0.12
Granulosicoccus	1.865	15.425	0.113355622	0.246207721	NotSig	0.219	0.06
Zavarzinella	0.851	13.666	0.114632546	0.248602801	NotSig	0.007	0.004
Ralstonia	7.48	19.55	0.116650088	0.252594348	NotSig	0.27	0.002
Clostridium_XlVa	4.648	13.609	0.11685033	0.252644577	NotSig	0.01	0
Desulfobacca	2.173	12.873	0.119011826	0.256757694	NotSig	0.007	0.002
Maribacter	-0.163	17.694	0.119112539	0.256757694	NotSig	0.426	0.477
Thermomonas	0.622	12.872	0.119435028	0.257064532	NotSig	0.007	0.005
Cecembia	0.903	11.551	0.121198957	0.26046824	NotSig	0.003	0.002
Sphingomonas	-0.169	16.707	0.123844885	0.265754362	NotSig	0.289	0.325
Obesumbacterium	-2.057	16.495	0.124579184	0.266928671	NotSig	0.02	0.084
Kineococcus	-2.184	11.773	0.125519182	0.268139419	NotSig	0.001	0.004
Emticicia	-1.6	11.288	0.125520064	0.268139419	NotSig	0.001	0.003
Nitratiruptor	-1.732	11.773	0.126984321	0.270861923	NotSig	0.002	0.007
Terasakiella	1.803	14.694	0.131781496	0.275375564	NotSig	0.02	0.006
Planifilum	-11.888	8.966	0.13295989	0.275375564	NotSig	0	0
Sedimentibacter	-11.888	8.966	0.13295989	0.275375564	NotSig	0	0
Pelosinus	-12.887	9.966	0.13295989	0.275375564	NotSig	0	0.001
Vulgatibacter	-11.888	8.967	0.13295989	0.275375564	NotSig	0	0
Paludibacterium	-11.888	8.966	0.13295989	0.275375564	NotSig	0	0
Pontibacillus	-11.888	8.966	0.13295989	0.275375564	NotSig	0	0
Thermoactinomyces	-13.472	10.551	0.13295989	0.275375564	NotSig	0	0.001
Sulfurospirillum	-11.888	8.966	0.13295989	0.275375564	NotSig	0	0
Soehngenia	-11.888	8.966	0.13295989	0.275375564	NotSig	0	0
Sideroxydans	-11.888	8.966	0.13295989	0.275375564	NotSig	0	0
Sporacetigenium	-12.887	9.965	0.13295989	0.275375564	NotSig	0	0.001
Haloactinobacterium	-11.888	8.966	0.13295989	0.275375564	NotSig	0	0
Corallococcus	-11.888	8.966	0.13295989	0.275375564	NotSig	0	0
Compostibacillus	-11.888	8.967	0.13295989	0.275375564	NotSig	0	0
Candidatus_Cloacamonas	-11.886	8.964	0.13295989	0.275375564	NotSig	0	0
Parasporobacterium	-11.887	8.965	0.13295989	0.275375564	NotSig	0	0
Anaeroarcus	-11.889	8.967	0.13295989	0.275375564	NotSig	0	0
Luteimicrobium	-11.888	8.966	0.13295989	0.275375564	NotSig	0	0
Macellibacteroides	-11.888	8.966	0.13295989	0.275375564	NotSig	0	0
Clostridium_sensu_stricto	3.185	13.426	0.135679635	0.277650696	NotSig	0.021	0.002
Spirochaeta	2.722	11.966	0.13580241	0.277650696	NotSig	0.005	0.001
Geobacter	-0.217	13.288	0.135930281	0.277650696	NotSig	0.037	0.042
Aureibacter	2.161	12.425	0.136398198	0.277650696	NotSig	0.01	0.002
Wenxinia	13.288	9.965	0.136778113	0.277650696	NotSig	0.001	0
Methylobrevis	13.288	9.966	0.136780666	0.277650696	NotSig	0.001	0
Hoppeia	14.51	11.288	0.136781942	0.277650696	NotSig	0.002	0
Acidiferrobacter	13.872	10.551	0.136781942	0.277650696	NotSig	0.001	0
Schumannella	14.95	12.55	0.136781942	0.277650696	NotSig	0.003	0
Pelomonas	15.658	12.551	0.136781942	0.277650696	NotSig	0.005	0
Nitrolancea	17.375	15.408	0.136782368	0.277650696	NotSig	0.017	0
Pectinatus	14.873	11.551	0.136782368	0.277650696	NotSig	0.003	0
Kyrpidia	15.025	11.966	0.136782368	0.277650696	NotSig	0.003	0
Celerinatantimonas	15.457	12.549	0.136782368	0.277650696	NotSig	0.004	0
Desulfatibacillum	-0.792	11.966	0.138143303	0.280014906	NotSig	0.007	0.012
Methylosarcina	5.567	17.175	0.138411608	0.280160801	NotSig	0.144	0.003
Dokdonella	2.208	12.666	0.140358162	0.283698438	NotSig	0.007	0.002
Salinispirillum	1.69	10.551	0.140713946	0.284015277	NotSig	0.004	0.001
Actibacter	2.869	14.943	0.141426266	0.285049833	NotSig	0.014	0.002
Planococcus	1.698	13.358	0.141784422	0.285368647	NotSig	0.01	0.003
Parcubacteria_genera_incertae_sedis	0.642	14.011	0.142205143	0.285812308	NotSig	0.05	0.032
Methylocystis	0.256	12.55	0.144537701	0.290019172	NotSig	0.003	0.003
Gp9	-0.4	12.965	0.14470473	0.290019172	NotSig	0.01	0.014
Methyloceanibacter	0.903	12.425	0.146056241	0.29202619	NotSig	0.017	0.009
Filomicrobium	2.524	14.489	0.146115417	0.29202619	NotSig	0.028	0.005
Pedomicrobium	1.348	14.176	0.146347023	0.292080003	NotSig	0.022	0.009
Pannonibacter	1.208	10.967	0.148880904	0.296722137	NotSig	0.007	0.003
Oceanibulbus	-1.368	15.074	0.151360068	0.301242424	NotSig	0.031	0.079
Saccharibacillus	-1.827	12.773	0.151659659	0.301418292	NotSig	0.003	0.009
Skermanella	2.985	10.965	0.152490466	0.30223209	NotSig	0.003	0
Mariniphaga	3.83	15.009	0.152492715	0.30223209	NotSig	0.016	0.001
Saccharophagus	1.59	18.155	0.152779212	0.302379939	NotSig	0.154	0.051
Pelagicola	0.905	16.799	0.153164588	0.302722807	NotSig	0.58	0.309
Desulfuromusa	3.343	17.009	0.153471808	0.30291047	NotSig	0.158	0.016
Thermonema	2.623	10.967	0.154340179	0.304203639	NotSig	0.002	0
Neptunomonas	3.36	16.074	0.15875275	0.312469206	NotSig	0.082	0.008
Sphingobium	1.606	17.506	0.159964484	0.31442055	NotSig	0.236	0.078
Promicromonospora	1.927	13.824	0.169844108	0.333380389	NotSig	0.036	0.009
Exiguobacterium	0.632	15.72	0.170405102	0.334022089	NotSig	0.059	0.038
Falsirhodobacter	1.634	14.943	0.17082251	0.334380963	NotSig	0.021	0.007
Eubacterium	5.995	16.787	0.172713343	0.337307516	NotSig	0.048	0.001
Methylococcus	-2.184	8.967	0.173526412	0.337307516	NotSig	0	0.001
Butyrivibrio	-2.184	8.967	0.173526412	0.337307516	NotSig	0	0.001
Novosphingobium	0.649	14.746	0.174390356	0.337307516	NotSig	0.078	0.05
Oscillochloris	-2.184	8.966	0.174444952	0.337307516	NotSig	0	0.001
Oleiagrimonas	-2.184	8.966	0.174444952	0.337307516	NotSig	0	0.001
Inhella	-2.184	8.966	0.174444952	0.337307516	NotSig	0	0.001
Herbaspirillum	-2.184	8.966	0.174444952	0.337307516	NotSig	0	0.001
Megamonas	-2.184	8.966	0.174444952	0.337307516	NotSig	0	0.001
Craurococcus	0.4	11.551	0.176299946	0.339056634	NotSig	0.001	0.001
Sterolibacterium	-1.184	9.966	0.176299946	0.339056634	NotSig	0	0.001
Fusobacterium	-2.182	8.967	0.176299946	0.339056634	NotSig	0	0.001
Holdemanella	-1.184	9.966	0.176299946	0.339056634	NotSig	0	0.001
Dethiobacter	1.657	10.966	0.17800467	0.341874379	NotSig	0.007	0.002
Salegentibacter	1.07	13.053	0.179446879	0.343544328	NotSig	0.017	0.008
Cloacibacterium	-0.024	11.551	0.179673166	0.343544328	NotSig	0.006	0.006
Gp23	0.048	12.425	0.181009204	0.343544328	NotSig	0.008	0.008
Jonquetella	1.689	11.288	0.181019228	0.343544328	NotSig	0.004	0.001
Idiomarina	-0.367	15.195	0.181871018	0.343544328	NotSig	0.064	0.083
Wandonia	1.237	16.165	0.183639475	0.343544328	NotSig	0.261	0.111
Ferruginibacter	14.162	11.966	0.183927458	0.343544328	NotSig	0.002	0
Longilinea	13.511	10.967	0.183929236	0.343544328	NotSig	0.001	0
Clostridium_IV	13.702	10.965	0.183929236	0.343544328	NotSig	0.001	0
Gemella	13.025	9.967	0.183929236	0.343544328	NotSig	0.001	0
Roseimicrobium	14.288	11.966	0.183929236	0.343544328	NotSig	0.002	0
Levilinea	14.403	11.773	0.183929236	0.343544328	NotSig	0.002	0
Brochothrix	13.025	9.966	0.183929236	0.343544328	NotSig	0.001	0
Cardiobacterium	13.025	9.966	0.183929236	0.343544328	NotSig	0.001	0
Allokutzneria	13.288	9.966	0.183929236	0.343544328	NotSig	0.001	0
Siphonobacter	15.658	13.054	0.183929829	0.343544328	NotSig	0.005	0
Flavisolibacter	14.288	11.967	0.183929829	0.343544328	NotSig	0.002	0
Paraperlucidibaca	15.227	12.774	0.183929829	0.343544328	NotSig	0.004	0
Oceanisphaera	17.646	15.175	0.183929829	0.343544328	NotSig	0.021	0
Papillibacter	15.346	13.214	0.183929829	0.343544328	NotSig	0.004	0
Marinococcus	16.747	14.323	0.183929829	0.343544328	NotSig	0.011	0
Albidovulum	1.889	16.896	0.185921969	0.346613094	NotSig	0.177	0.048
Bifidobacterium	2.301	13.053	0.186251248	0.346613094	NotSig	0.009	0.002
Marichromatium	-0.313	11.966	0.186301502	0.346613094	NotSig	0.013	0.016
Methylomicrobium	1.248	10.965	0.193192045	0.358964906	NotSig	0.004	0.002
Croceibacter	3.506	16.693	0.19432299	0.360596757	NotSig	0.052	0.005
Vibrio	0.774	18.284	0.196292055	0.363777613	NotSig	1.233	0.721
Labilithrix	4.063	12.668	0.197634936	0.365691947	NotSig	0.006	0
Hahella	0.468	13.824	0.197837549	0.365691947	NotSig	0.018	0.013
Byssovorax	3.459	11.966	0.199405045	0.367215498	NotSig	0.004	0
Tistlia	4.459	13.135	0.199405045	0.367215498	NotSig	0.008	0
Aeromicrobium	2.516	10.967	0.20058725	0.367215498	NotSig	0.002	0
Uruburuella	1.985	9.966	0.20058725	0.367215498	NotSig	0.002	0
Oscillibacter	3.813	13.357	0.200591629	0.367215498	NotSig	0.005	0
Cellulosimicrobium	5.787	16.323	0.200592724	0.367215498	NotSig	0.042	0.001
Aliiroseovarius	-1.355	11.551	0.200658047	0.367215498	NotSig	0.003	0.007
Desulfovibrio	1.635	18.284	0.200973952	0.367215498	NotSig	0.192	0.062
Methylobacter	3.525	16.707	0.200977788	0.367215498	NotSig	0.083	0.007
Balneola	-0.012	15.033	0.204694767	0.373528686	NotSig	0.101	0.102
Tabrizicola	1.002	13.288	0.20660468	0.376532412	NotSig	0.015	0.008
Rhodoferax	0.025	14.694	0.207321858	0.377357515	NotSig	0.037	0.036
Tistrella	0.507	17.572	0.207726689	0.37761272	NotSig	0.088	0.062
Temperatibacter	-0.97	14.773	0.209557249	0.380455718	NotSig	0.03	0.059
Spongiibacter	0.086	16.609	0.2157322	0.391168804	NotSig	0.173	0.163
Sandaracinus	1.107	13.873	0.220584161	0.399458881	NotSig	0.07	0.033
Gemmata	1.623	10.551	0.227964628	0.412301044	NotSig	0.002	0.001
Lelliottia	-3.102	18.08	0.228475228	0.412701456	NotSig	0.08	0.686
Proteus	2.208	12.873	0.234106781	0.422339288	NotSig	0.01	0.002
Rhodomicrobium	-1.592	14.849	0.234403873	0.422341322	NotSig	0.031	0.094
Hirschia	3.062	15.681	0.234769242	0.422466215	NotSig	0.142	0.017
Spongiispira	2.999	18.646	0.235374805	0.423022477	NotSig	0.248	0.031
Roseateles	2.674	14.944	0.240391581	0.431495329	NotSig	0.053	0.008
Desulfococcus	0.631	12.55	0.245177451	0.435733108	NotSig	0.015	0.009
Cobetia	1.646	16.566	0.248183696	0.435733108	NotSig	0.136	0.044
Terrisporobacter	12.288	8.966	0.250688169	0.435733108	NotSig	0	0
Ohtaekwangia	12.288	8.966	0.250690725	0.435733108	NotSig	0	0
Azovibrio	14.288	12.288	0.250690725	0.435733108	NotSig	0.002	0
Nibribacter	12.288	8.966	0.250690725	0.435733108	NotSig	0	0
Cryomorpha	13.288	10.966	0.250690725	0.435733108	NotSig	0.001	0
Peptostreptococcus	12.703	9.967	0.250690725	0.435733108	NotSig	0.001	0
Lysinimonas	12.288	8.966	0.250690725	0.435733108	NotSig	0	0
Actinoallomurus	14.162	12.136	0.250691578	0.435733108	NotSig	0.002	0
Arcticibacter	13.288	10.551	0.250691578	0.435733108	NotSig	0.001	0
Myroides	13.025	9.967	0.250691578	0.435733108	NotSig	0.001	0
Sporosarcina	12.703	9.967	0.250691578	0.435733108	NotSig	0.001	0
Deinococcus	15.226	13.135	0.250691578	0.435733108	NotSig	0.004	0
Desulfovirgula	12.703	9.967	0.250691578	0.435733108	NotSig	0.001	0
Rufibacter	13.51	11.288	0.250691578	0.435733108	NotSig	0.001	0
Mechercharimyces	13.51	10.966	0.250691578	0.435733108	NotSig	0.001	0
Modestobacter	14.288	12.136	0.250691578	0.435733108	NotSig	0.002	0
Jeotgalibacillus	15.025	13.054	0.250691578	0.435733108	NotSig	0.003	0
Xiphinematobacter	17.145	14.323	0.250691578	0.435733108	NotSig	0.014	0
Shuttleworthia	12.704	9.967	0.250691578	0.435733108	NotSig	0.001	0
Actinomycetospora	12.703	9.966	0.250691578	0.435733108	NotSig	0.001	0
Franconibacter	13.025	10.551	0.250691578	0.435733108	NotSig	0.001	0
Cereibacter	13.287	10.965	0.250691578	0.435733108	NotSig	0.001	0
Catenovulum	13.288	10.966	0.250691578	0.435733108	NotSig	0.001	0
Oceanimonas	13.872	11.55	0.250691578	0.435733108	NotSig	0.001	0
Nitrospina	0.576	13.425	0.25123338	0.436143592	NotSig	0.02	0.014
Parabacteroides	1.017	13.489	0.259488167	0.449926627	NotSig	0.011	0.006
Bryobacter	5.838	14.01	0.260649027	0.451390973	NotSig	0.022	0
Coprococcus	6.709	16.693	0.26140535	0.451609702	NotSig	0.04	0
Candidatus_Hydrogenedens	4.769	14.609	0.261408279	0.451609702	NotSig	0.01	0
Pseudolabrys	3.274	12.287	0.262163851	0.45236737	NotSig	0.004	0
Trichococcus	0.381	12.666	0.266172891	0.458730332	NotSig	0.012	0.009
Xenophilus	1.815	12.136	0.267542634	0.460534787	NotSig	0.003	0.001
Chondromyces	0.37	12.136	0.272878191	0.469153227	NotSig	0.023	0.018
Pseudohaliea	-0.059	14.943	0.273876998	0.470303823	NotSig	0.136	0.142
Gimesia	0.243	16.146	0.274309975	0.470367979	NotSig	0.307	0.259
Desulfonatronobacter	2.064	12.287	0.2745736	0.470367979	NotSig	0.006	0.002
Methylophaga	0.854	17.115	0.286269703	0.489816386	NotSig	0.127	0.07
Lactobacillus	2.276	13.873	0.286756381	0.490061504	NotSig	0.009	0.002
Mangrovibacterium	0.096	12.773	0.29045673	0.495791572	NotSig	0.009	0.008
Niastella	-1.184	8.966	0.29929092	0.510260625	NotSig	0	0.001
Morganella	-0.182	13.137	0.302197294	0.514600882	NotSig	0.005	0.006
Imperialibacter	1.299	13.288	0.302714479	0.514867177	NotSig	0.025	0.01
Siccibacter	-0.95	14.055	0.308401602	0.523915579	NotSig	0.021	0.041
Simiduia	1.236	15.76	0.319189867	0.541598027	NotSig	0.069	0.029
Magnetospirillum	1.86	12.551	0.322081283	0.545855096	NotSig	0.011	0.003
Mycobacterium	0.21	13.666	0.327193394	0.553861179	NotSig	0.012	0.01
Syntrophobacter	1.493	11.287	0.32789394	0.554389399	NotSig	0.005	0.002
Vampirovibrio	-2.476	14.288	0.340877477	0.564270173	NotSig	0.006	0.035
Prolixibacter	1.73	13.214	0.341694278	0.564270173	NotSig	0.016	0.005
Turicibacter	2.137	10.967	0.344739799	0.564270173	NotSig	0.002	0
Persicitalea	2.515	10.965	0.344742802	0.564270173	NotSig	0.002	0
Reichenbachiella	1.183	15.442	0.345311761	0.564270173	NotSig	0.103	0.045
Thalassobacillus	2.515	11.287	0.345719539	0.564270173	NotSig	0.002	0
Pseudoflavonifractor	3.769	13.666	0.34668716	0.564270173	NotSig	0.005	0
Streptobacillus	1.4	10.551	0.348662961	0.564270173	NotSig	0.002	0.001
Flavitalea	11.703	8.966	0.349471017	0.564270173	NotSig	0	0
Paludibaculum	11.703	8.966	0.349471017	0.564270173	NotSig	0	0
Kineosporia	11.702	8.965	0.349471017	0.564270173	NotSig	0	0
Tahibacter	11.703	8.966	0.349471017	0.564270173	NotSig	0	0
Thermosipho	11.703	8.966	0.349471017	0.564270173	NotSig	0	0
Thiopseudomonas	11.703	8.966	0.349471017	0.564270173	NotSig	0	0
Mitsuokella	11.703	8.966	0.349471017	0.564270173	NotSig	0	0
Carboxylicivirga	13.025	10.966	0.349472314	0.564270173	NotSig	0.001	0
Barnesiella	12.288	9.967	0.349472314	0.564270173	NotSig	0.001	0
Geothrix	11.703	8.966	0.349472314	0.564270173	NotSig	0	0
Phreatobacter	15.094	13.287	0.349472314	0.564270173	NotSig	0.003	0
Tissierella	11.703	8.966	0.349472314	0.564270173	NotSig	0	0
Gp11	15.51	13.666	0.349472314	0.564270173	NotSig	0.005	0
Desulfothermus	14.025	11.967	0.349472314	0.564270173	NotSig	0.002	0
Wohlfahrtiimonas	12.288	9.965	0.349472314	0.564270173	NotSig	0.001	0
Derxia	13.025	10.966	0.349472314	0.564270173	NotSig	0.001	0
Methylovirgula	12.704	10.551	0.349472314	0.564270173	NotSig	0.001	0
Jahnella	13.288	10.966	0.349472314	0.564270173	NotSig	0.001	0
Vitreoscilla	11.703	8.966	0.349472314	0.564270173	NotSig	0	0
Saccharibacter	14.024	11.772	0.349472314	0.564270173	NotSig	0.002	0
Sebaldella	12.288	9.966	0.349472314	0.564270173	NotSig	0	0
Roseisalinus	11.703	8.966	0.349472314	0.564270173	NotSig	0	0
Thermoanaerobacterium	11.704	8.967	0.349472314	0.564270173	NotSig	0	0
Brassicibacter	15.162	12.966	0.349472314	0.564270173	NotSig	0.004	0
Herbiconiux	12.288	9.966	0.349472314	0.564270173	NotSig	0	0
Desulfoprunum	11.703	8.966	0.349472314	0.564270173	NotSig	0	0
Peptostreptococcaceae_incertae_sedis	12.288	9.965	0.349472314	0.564270173	NotSig	0	0
Rehaibacterium	12.287	9.965	0.349472314	0.564270173	NotSig	0	0
Photorhabdus	14.162	12.136	0.349472314	0.564270173	NotSig	0.002	0
Methylohalomonas	12.703	10.551	0.349472314	0.564270173	NotSig	0.001	0
Anaplasma	12.703	10.551	0.349472314	0.564270173	NotSig	0.001	0
Leeuwenhoekiella	-0.076	11.774	0.349554893	0.564270173	NotSig	0.012	0.012
Shinella	-0.185	10.551	0.353601425	0.570157326	NotSig	0.001	0.001
Methylonatrum	-0.271	13.053	0.356565408	0.574287626	NotSig	0.019	0.023
Catabacter	1.275	9.967	0.359316876	0.578066721	NotSig	0.002	0.001
Chryseolinea	2.448	13.136	0.360125742	0.578715579	NotSig	0.01	0.002
Thiohalospira	-0.862	8.967	0.363027657	0.582582733	NotSig	0.001	0.002
Subdivision5_genera_incertae_sedis	1.723	11.773	0.363348726	0.582582733	NotSig	0.002	0.001
Rhizomicrobium	-0.014	10.551	0.372917796	0.597114366	NotSig	0.002	0.002
Alistipes	0.017	11.551	0.373248784	0.597114366	NotSig	0.004	0.004
Lacihabitans	1.037	11.286	0.3756125	0.600222886	NotSig	0.002	0.001
Sphingobacterium	1.851	14.135	0.385033404	0.614589113	NotSig	0.014	0.004
Fabibacter	1.034	14.01	0.388461751	0.619368625	NotSig	0.056	0.027
Blautia	2.11	15.609	0.391643538	0.623744787	NotSig	0.018	0.004
Anaerorhabdus	-1.185	8.967	0.394093245	0.626384071	NotSig	0	0.001
Aggregicoccus	1.339	12.424	0.394178624	0.626384071	NotSig	0.008	0.003
Acidiphilium	0.138	10.967	0.398304222	0.632235957	NotSig	0.001	0.001
Gp17	-0.448	10.966	0.401127176	0.636009423	NotSig	0.001	0.001
Simkania	5.378	18.199	0.404193715	0.640160301	NotSig	0.189	0.005
Desulfonauticus	1.184	12.287	0.410826007	0.649943139	NotSig	0.005	0.002
Luedemannella	1.504	13.489	0.416443055	0.658099933	NotSig	0.01	0.003
Thermomarinilinea	0.169	11.965	0.418830879	0.661141221	NotSig	0.004	0.003
Chryseobacterium	-0.022	16.306	0.422270408	0.665834113	NotSig	0.135	0.137
Lachnospiracea_incertae_sedis	3.08	16.759	0.435719313	0.686281965	NotSig	0.042	0.005
Thauera	2.213	15.393	0.440851158	0.693599342	NotSig	0.049	0.011
Neisseria	2.722	11.288	0.452591574	0.711286537	NotSig	0.002	0
Polymorphobacter	2.137	10.966	0.453834282	0.712454918	NotSig	0.002	0
Alkaliphilus	5.006	14.288	0.455079321	0.713624386	NotSig	0.012	0
Tepidimonas	1.138	8.967	0.457572709	0.714909025	NotSig	0.001	0
Pelagibacterium	1.401	11.774	0.457574338	0.714909025	NotSig	0.003	0.001
Prosthecomicrobium	1.815	10.966	0.458820653	0.714909025	NotSig	0.001	0
Geodermatophilus	1.985	11.288	0.458823908	0.714909025	NotSig	0.001	0
Thermincola	2.985	12.288	0.458823908	0.714909025	NotSig	0.003	0
Parafilimonas	1.401	13.214	0.458904462	0.714909025	NotSig	0.008	0.003
Rubellimicrobium	1.137	8.966	0.46006889	0.71517166	NotSig	0.001	0
Lysinibacillus	4.868	16.385	0.460075391	0.71517166	NotSig	0.044	0.002
Dorea	3.722	14.746	0.461329194	0.715831469	NotSig	0.01	0.001
Nesiotobacter	1.612	14.136	0.461503119	0.715831469	NotSig	0.021	0.007
Ornatilinea	-0.725	12.288	0.463061874	0.717469374	NotSig	0.005	0.009
Catenococcus	1.946	17.116	0.464012537	0.718162571	NotSig	0.08	0.021
Romboutsia	2.049	13.214	0.466978446	0.721969927	NotSig	0.008	0.002
Actinotalea	-1.447	10.551	0.470870253	0.727198974	NotSig	0.001	0.002
Sagittula	1.117	15.535	0.474799821	0.732474968	NotSig	0.081	0.038
Proteocatella	-0.77	8.967	0.475590064	0.732901751	NotSig	0.001	0.001
Anaerosinus	-0.377	10.966	0.480338097	0.737855184	NotSig	0.001	0.002
Azospira	-0.448	9.965	0.481517951	0.737855184	NotSig	0.001	0.001
Thioalkalibacter	-0.023	13.053	0.484318507	0.737855184	NotSig	0.041	0.042
Fangia	1.23	11.965	0.485103984	0.737855184	NotSig	0.003	0.001
Acetoanaerobium	0.4	10.966	0.485109079	0.737855184	NotSig	0.001	0.001
Alishewanella	0.401	11.288	0.492314938	0.737855184	NotSig	0.002	0.001
Leuconostoc	-3.292	15.095	0.492912786	0.737855184	NotSig	0.005	0.052
Photobacterium	2.421	15.748	0.493864778	0.737855184	NotSig	0.095	0.018
Lysobacter	-0.16	13.426	0.494226713	0.737855184	NotSig	0.009	0.011
Nitrosomonas	2.2	13.358	0.496719206	0.737855184	NotSig	0.016	0.003
Pseudoclavibacter	1.945	12.136	0.505676593	0.737855184	NotSig	0.006	0.002
Sphaerobacter	11.702	9.965	0.510345526	0.737855184	NotSig	0	0
Gracilibacter	10.704	8.966	0.510345526	0.737855184	NotSig	0	0
Gp5	10.702	8.964	0.510345526	0.737855184	NotSig	0	0
Thermoleophilum	10.704	8.966	0.510345526	0.737855184	NotSig	0	0
WPS-2_genera_incertae_sedis	10.703	8.965	0.510345526	0.737855184	NotSig	0	0
Bacteriovorax	11.703	9.966	0.510345526	0.737855184	NotSig	0	0
Clostridium_XI	10.704	8.966	0.510345526	0.737855184	NotSig	0	0
Streptosporangium	12.288	10.551	0.510345526	0.737855184	NotSig	0	0
Lacibacter	11.702	9.965	0.510345526	0.737855184	NotSig	0	0
Dysgonomonas	12.287	10.55	0.510345526	0.737855184	NotSig	0	0
Ureibacillus	10.704	8.966	0.510345526	0.737855184	NotSig	0	0
Afifella	10.704	8.966	0.510345526	0.737855184	NotSig	0	0
Orientia	10.704	8.966	0.510345526	0.737855184	NotSig	0	0
Saccharomonospora	12.704	10.967	0.510345526	0.737855184	NotSig	0.001	0
Alcaligenes	10.703	8.965	0.510345526	0.737855184	NotSig	0	0
Proteiniclasticum	10.704	8.966	0.510345526	0.737855184	NotSig	0	0
Vulcanibacillus	10.704	8.966	0.510345526	0.737855184	NotSig	0	0
Tardiphaga	10.704	8.967	0.510345526	0.737855184	NotSig	0	0
Sulfuriferula	10.704	8.966	0.510345526	0.737855184	NotSig	0	0
Kribbella	10.704	8.966	0.510345526	0.737855184	NotSig	0	0
Acetatifactor	12.288	10.551	0.510345526	0.737855184	NotSig	0	0
Robiginitomaculum	10.704	8.966	0.510345526	0.737855184	NotSig	0	0
Streptomonospora	10.704	8.966	0.510345526	0.737855184	NotSig	0	0
Xanthomonas	11.702	9.965	0.510345526	0.737855184	NotSig	0	0
Aestuariimicrobium	13.873	12.136	0.510345526	0.737855184	NotSig	0.002	0
Sporichthya	10.704	8.967	0.510345526	0.737855184	NotSig	0	0
Turneriella	12.288	10.551	0.510345526	0.737855184	NotSig	0	0
Rudaea	10.704	8.966	0.510345526	0.737855184	NotSig	0	0
Granulibacter	10.704	8.966	0.510345526	0.737855184	NotSig	0	0
Frondibacter	10.703	8.965	0.510345526	0.737855184	NotSig	0	0
Gallicola	10.703	8.965	0.510345526	0.737855184	NotSig	0	0
Jatrophihabitans	10.704	8.966	0.510345526	0.737855184	NotSig	0	0
Kushneria	11.703	9.966	0.510345526	0.737855184	NotSig	0	0
Lamprocystis	10.704	8.967	0.510345526	0.737855184	NotSig	0	0
Hanstruepera	10.704	8.966	0.510345526	0.737855184	NotSig	0	0
Herpetosiphon	11.703	9.966	0.510345526	0.737855184	NotSig	0	0
Cellulomonas	12.287	10.55	0.510345526	0.737855184	NotSig	0	0
Chiayiivirga	10.704	8.966	0.510345526	0.737855184	NotSig	0	0
Ehrlichia	12.703	10.966	0.510345526	0.737855184	NotSig	0.001	0
Caminibacter	12.288	10.551	0.510345526	0.737855184	NotSig	0	0
Candidatus_Brocadia	10.704	8.966	0.510345526	0.737855184	NotSig	0	0
Paraferrimonas	11.703	9.966	0.510345526	0.737855184	NotSig	0	0
Piscibacillus	10.703	8.965	0.510345526	0.737855184	NotSig	0	0
Planosporangium	10.704	8.966	0.510345526	0.737855184	NotSig	0	0
Phytohabitans	13.025	11.288	0.510345526	0.737855184	NotSig	0.001	0
Armatimonadetes_gp6	13.288	11.551	0.510345526	0.737855184	NotSig	0.001	0
Archangium	10.704	8.966	0.510345526	0.737855184	NotSig	0	0
Nubsella	12.288	10.551	0.510345526	0.737855184	NotSig	0	0
Nafulsella	10.704	8.966	0.510345526	0.737855184	NotSig	0	0
Mongoliicoccus	10.704	8.966	0.510345526	0.737855184	NotSig	0	0
Schlesneria	0.222	14.458	0.512139631	0.739699649	NotSig	0.038	0.033
Fusibacter	-1.588	16.425	0.518035648	0.747458917	NotSig	0.042	0.127
Cohaesibacter	-1.214	12.774	0.520117346	0.749704498	NotSig	0.008	0.019
Rhodobacter	0.928	15.136	0.520655994	0.749723617	NotSig	0.084	0.044
Limimonas	1.623	12.136	0.522473896	0.751582912	NotSig	0.005	0.002
Riemerella	1.615	15.812	0.523662647	0.752534338	NotSig	0.055	0.018
Natronoflexus	0.986	12.288	0.52653706	0.755903807	NotSig	0.006	0.003
Caulobacter	-0.126	15.195	0.527719101	0.756455868	NotSig	0.067	0.073
Akkermansia	-0.184	9.966	0.527981811	0.756455868	NotSig	0.001	0.002
Reyranella	1.755	12.135	0.529388477	0.757710488	NotSig	0.004	0.001
Saprospira	3.444	15.896	0.530388285	0.758380844	NotSig	0.033	0.003
Pelobacter	-0.259	13.357	0.532719262	0.760951338	NotSig	0.035	0.042
Halobacteriovorax	0.964	13.873	0.546927101	0.775456691	NotSig	0.084	0.043
Panacagrimonas	0.339	11.965	0.547117966	0.775456691	NotSig	0.004	0.003
Asticcacaulis	-4.184	11.966	0.550070734	0.775456691	NotSig	0	0.003
Catenibacterium	-2.184	9.966	0.550070734	0.775456691	NotSig	0	0.001
Comamonas	-1.185	8.967	0.550070734	0.775456691	NotSig	0	0
Enterococcus	-0.919	14.212	0.550321685	0.775456691	NotSig	0.009	0.017
Thiohalomonas	1.501	16.639	0.550811179	0.775456691	NotSig	0.879	0.311
Hydrobacter	1.038	12.772	0.550883096	0.775456691	NotSig	0.005	0.002
Rhodococcus	0.014	12.773	0.552057605	0.775456691	NotSig	0.013	0.013
Rhodoligotrophos	-1.184	8.966	0.552446388	0.775456691	NotSig	0	0
Sinobacterium	-1.184	8.966	0.552446388	0.775456691	NotSig	0	0
Laribacter	-1.184	8.966	0.552446388	0.775456691	NotSig	0	0
Coprobacter	-1.184	8.966	0.552446388	0.775456691	NotSig	0	0
Pseudenhygromyxa	-1.184	8.966	0.552446388	0.775456691	NotSig	0	0
Atribacteria_genera_incertae_sedis	-1.184	8.966	0.552446388	0.775456691	NotSig	0	0
Thiorhodospira	1.816	11.967	0.554829209	0.775456691	NotSig	0.001	0
Desulfobacter	4.274	14.424	0.554829209	0.775456691	NotSig	0.007	0
Herminiimonas	2.815	12.966	0.554829209	0.775456691	NotSig	0.003	0
Desulfotalea	0.4	10.551	0.554829209	0.775456691	NotSig	0	0
Anaerocella	-0.184	9.966	0.554829209	0.775456691	NotSig	0	0
Ornithobacterium	-1.183	8.966	0.554829209	0.775456691	NotSig	0	0
Arhodomonas	-0.184	9.966	0.554829209	0.775456691	NotSig	0	0
Aeribacillus	0.815	11.966	0.556565215	0.777121881	NotSig	0.003	0.002
Lutispora	-0.107	9.967	0.563572075	0.786136218	NotSig	0.003	0.003
Pandoraea	3.612	15.61	0.568962661	0.792880584	NotSig	0.023	0.002
Neochlamydia	1.623	13.61	0.57268111	0.797283848	NotSig	0.008	0.003
Odoribacter	3.064	12.552	0.57573514	0.800754429	NotSig	0.006	0.001
Sphaerotilus	4.108	16.458	0.57899971	0.804510794	NotSig	0.065	0.004
Sunxiuqinia	4.964	16.053	0.582673866	0.808828411	NotSig	0.024	0.001
Fusicatenibacter	2.4	14.135	0.583834605	0.809652072	NotSig	0.008	0.002
Aquimonas	2.986	13.721	0.58499756	0.810477202	NotSig	0.006	0.001
Caldithrix	3.578	14.798	0.589399146	0.815783299	NotSig	0.032	0.003
Saccharopolyspora	1.759	12.136	0.590845967	0.816993406	NotSig	0.017	0.005
Desulfobacterium	0.005	12.773	0.596858872	0.824508819	NotSig	0.019	0.019
Desulfopila	-0.495	13.92	0.599376099	0.82718539	NotSig	0.026	0.037
Methylocapsa	0.816	8.966	0.60198082	0.828382112	NotSig	0.001	0
Megasphaera	3.208	11.966	0.601984758	0.828382112	NotSig	0.004	0
Belnapia	2.815	11.966	0.601984758	0.828382112	NotSig	0.003	0
Armatimonas/Armatimonadetes_gp1	1.275	11.55	0.602825048	0.828739252	NotSig	0.004	0.002
Pseudochrobactrum	1.137	9.966	0.605131637	0.830028058	NotSig	0.001	0
Williamsia	1.986	11.551	0.605131637	0.830028058	NotSig	0.001	0
Ornithinibacter	3.781	15.638	0.605507504	0.830028058	NotSig	0.021	0.002
Rubrimonas	3.469	15.073	0.606403112	0.830076578	NotSig	0.025	0.002
Thermoflavifilum	1.137	9.966	0.606706286	0.830076578	NotSig	0.001	0
Carboxydothermus	1.4	10.551	0.60828745	0.831442712	NotSig	0.001	0
Elizabethkingia	-1.042	12.425	0.609030485	0.831661725	NotSig	0.005	0.011
Rhodoplanes	0.401	9.966	0.611450575	0.832578412	NotSig	0.001	0.001
Marinimicrobium	0.4	12.55	0.611451734	0.832578412	NotSig	0.002	0.002
Succinispira	1.136	9.966	0.61145212	0.832578412	NotSig	0.001	0
Salinicola	2.015	15.566	0.614914015	0.83649409	NotSig	0.025	0.006
Fulvivirga	1.415	17.601	0.619579586	0.842038162	NotSig	0.365	0.137
Desulforhopalus	1.211	13.666	0.627397753	0.851852134	NotSig	0.037	0.016
Congregibacter	1.072	15.848	0.631983618	0.85726295	NotSig	0.292	0.139
Desulfonema	1.415	15.425	0.633143934	0.858021267	NotSig	0.034	0.013
Pantoea	-3.701	14.638	0.638802397	0.864868141	NotSig	0.005	0.063
Beijerinckia	0.722	12.666	0.643474013	0.870367219	NotSig	0.002	0.002
Pseudochelatococcus	0.623	11.288	0.646713614	0.873920764	NotSig	0.001	0.001
Propionispira	0.399	10.551	0.649962065	0.877479533	NotSig	0.001	0.001
Parvibaculum	0.868	13.288	0.651142944	0.878242893	NotSig	0.066	0.036
Mucilaginibacter	0.138	9.966	0.654844721	0.882401716	NotSig	0.001	0.001
Aliidiomarina	-0.628	11.288	0.656652611	0.884003091	NotSig	0.004	0.006
Ruminococcus	4.397	17.713	0.659637255	0.887184131	NotSig	0.08	0.004
Pseudoxanthobacter	1.156	15.214	0.665331834	0.894000496	NotSig	0.052	0.023
Stackebrandtia	1.189	14.52	0.667550957	0.895848309	NotSig	0.009	0.004
Leifsonia	0.49	14.897	0.667962579	0.895848309	NotSig	0.022	0.016
Aspromonas	0.552	10.965	0.669887245	0.897586009	NotSig	0.002	0.001
Sulfuritalea	0.4	10.966	0.672497175	0.899930235	NotSig	0.002	0.001
Faecalibacterium	1.884	15.823	0.67289808	0.899930235	NotSig	0.032	0.009
Syntrophus	0.866	11.549	0.675122321	0.902059506	NotSig	0.005	0.003
Limnobacter	0.401	10.967	0.676424537	0.90295399	NotSig	0.002	0.001
Formosa	1.557	15.01	0.684792829	0.913270437	NotSig	0.039	0.013
Cetobacterium	0.723	11.773	0.690223993	0.91965419	NotSig	0.003	0.002
Pseudoxanthomonas	1.746	14.323	0.692531962	0.921868572	NotSig	0.01	0.003
Escherichia/Shigella	-1.073	11.967	0.701362284	0.93275301	NotSig	0.005	0.009
Fluviimonas	0.716	11.967	0.703266634	0.934414792	NotSig	0.009	0.006
Caenispirillum	-1.839	14.136	0.7091221	0.941123673	NotSig	0.01	0.036
Empedobacter	0.926	13.214	0.709726325	0.941123673	NotSig	0.012	0.006
Pseudoalteromonas	0.918	18.982	0.710294461	0.941123673	NotSig	1.203	0.636
Defluviimonas	-0.228	13.426	0.711895158	0.942369564	NotSig	0.011	0.013
Blastomonas	2.186	18.305	0.718528209	0.950268539	NotSig	0.526	0.116
Thiocapsa	2.275	12.773	0.721506266	0.953323557	NotSig	0.004	0.001
Ruminococcus2	1.552	11.966	0.728222864	0.961308073	NotSig	0.003	0.001
SR1_genera_incertae_sedis	5.377	15.824	0.732264132	0.965390025	NotSig	0.031	0.001
Rhizobacter	1.845	13.053	0.732668113	0.965390025	NotSig	0.008	0.002
Conexibacter	0.714	13.288	0.741022456	0.975497274	NotSig	0.007	0.004
Litoreibacter	1.623	17.848	0.743119927	0.977356807	NotSig	0.77	0.25
Bizionia	1.51	14.288	0.754699457	0.991672307	NotSig	0.021	0.007
Dasania	0.003	13.966	0.757102324	0.993914459	NotSig	0.031	0.031
Moritella	0.939	12.136	0.758013719	0.994196302	NotSig	0.01	0.005
Robiginitalea	0.518	14.288	0.759867742	0.995712826	NotSig	0.051	0.036
Kordiimonas	-1.166	14.323	0.771842765	1	NotSig	0.038	0.086
Rubrobacter	0.516	11.288	0.775752559	1	NotSig	0.009	0.006
Marinobacterium	-0.661	14.848	0.784911072	1	NotSig	0.086	0.136
Achromobacter	2.292	14.897	0.788534703	1	NotSig	0.015	0.003
Flectobacillus	3.243	17.323	0.794409956	1	NotSig	0.222	0.023
Methyloversatilis	3.351	14.457	0.795592118	1	NotSig	0.019	0.002
Malikia	0.931	11.55	0.797958648	1	NotSig	0.004	0.002
Gp13	4.838	14.848	0.804836725	1	NotSig	0.011	0
Polyangium	1.4	10.551	0.804836725	1	NotSig	0.001	0
Luteibacter	2.903	12.666	0.804836725	1	NotSig	0.003	0
Desulfurobacterium	4.063	13.666	0.804836725	1	NotSig	0.006	0
Gemmiger	1.538	14.135	0.805321261	1	NotSig	0.011	0.004
Dialister	3.569	13.55	0.806788337	1	NotSig	0.004	0
Fulvimonas	1.985	11.773	0.80874065	1	NotSig	0.002	0
Phaselicystis	0.816	10.966	0.808741664	1	NotSig	0.001	0.001
Dyadobacter	1.815	11.551	0.808741664	1	NotSig	0.001	0
Castellaniella	0.4	8.967	0.810695677	1	NotSig	0.001	0
Lactonifactor	1.137	10.551	0.812651124	1	NotSig	0.001	0
Phascolarctobacterium	1.815	12.551	0.812651372	1	NotSig	0.003	0.001
Oceanirhabdus	1.815	11.551	0.812651372	1	NotSig	0.001	0
Lutibacter	1.684	16.269	0.814814909	1	NotSig	0.092	0.029
Corynebacterium	-1.957	15.58	0.830739574	1	NotSig	0.013	0.051
Aureimonas	1.664	13.774	0.834723997	1	NotSig	0.006	0.002
Nevskia	0.448	15.708	0.840087233	1	NotSig	0.026	0.019
Nereida	2.516	14.251	0.84113684	1	NotSig	0.009	0.002
Bellilinea	1.478	12.772	0.856436942	1	NotSig	0.003	0.001
Nautella	-0.246	17.891	0.856499393	1	NotSig	0.228	0.271
Aquisphaera	2.208	13.72	0.859929215	1	NotSig	0.021	0.005
Silanimonas	0.93	11.55	0.861752525	1	NotSig	0.002	0.001
Aquaspirillum	0.465	12.136	0.86789469	1	NotSig	0.012	0.008
Xanthobacter	1.737	15.305	0.869333138	1	NotSig	0.024	0.007
Brevundimonas	1.373	16.594	0.877915426	1	NotSig	0.147	0.057
Sneathiella	0.96	14.425	0.880571063	1	NotSig	0.075	0.039
Gaiella	-0.447	9.966	0.881892895	1	NotSig	0.001	0.001
Geojedonia	-1.769	14.773	0.886321779	1	NotSig	0.023	0.078
Providencia	0.233	11.552	0.890041201	1	NotSig	0.003	0.002
Aquicella	3.171	15.306	0.89125697	1	NotSig	0.065	0.007
Maribius	1.591	13.824	0.891432121	1	NotSig	0.015	0.005
Salinarimonas	2.062	12.287	0.901061612	1	NotSig	0.003	0.001
Segetibacter	3.903	14.323	0.904090708	1	NotSig	0.011	0.001
Reinekea	1.294	14.053	0.904226651	1	NotSig	0.026	0.011
Selenomonas	4.648	15.01	0.905606118	1	NotSig	0.019	0.001
Pseudovibrio	1.558	13.873	0.908139369	1	NotSig	0.032	0.011
Duganella	1.275	10.967	0.910153508	1	NotSig	0.002	0.001
Lactococcus	-2.959	18.954	0.91106437	1	NotSig	0.17	1.324
Alsobacter	-0.185	8.967	0.914315183	1	NotSig	0	0
Stella	-0.699	10.966	0.914703666	1	NotSig	0.001	0.002
Parasutterella	-0.185	8.966	0.916622423	1	NotSig	0	0
Caldibacillus	-0.185	8.966	0.916622423	1	NotSig	0	0
Erysipelothrix	-0.184	10.967	0.918930512	1	NotSig	0.001	0.001
Acetivibrio	0.814	10.551	0.918930512	1	NotSig	0.001	0
Ferribacterium	1.4	11.288	0.918930512	1	NotSig	0.001	0
Dongia	1.137	10.965	0.921238993	1	NotSig	0.001	0
Thiocystis	1.137	10.966	0.921238993	1	NotSig	0.001	0
Cronobacter	-0.184	9.967	0.921238993	1	NotSig	0.001	0.001
Tumebacillus	1.137	10.965	0.92354842	1	NotSig	0.001	0
Lentibacillus	1.138	10.551	0.92354842	1	NotSig	0.001	0
Acidaminococcus	1.401	11.288	0.92354842	1	NotSig	0.001	0
Pseudofulvibacter	1.086	17.204	0.92965347	1	NotSig	0.269	0.127
Propionigenium	-0.057	12.136	0.945691354	1	NotSig	0.01	0.01
Patulibacter	-2.869	13.551	0.95247152	1	NotSig	0.002	0.017
Mooreia	1.072	12.873	0.963983508	1	NotSig	0.007	0.003
Natranaerovirga	1.478	12.426	0.969257136	1	NotSig	0.003	0.001
Desulfovirga	0.256	10.551	0.972551754	1	NotSig	0.003	0.003
Permianibacter	1.239	12.966	0.974094845	1	NotSig	0.01	0.004
Legionella	-0.621	13.666	0.975113594	1	NotSig	0.034	0.052
Paenibacillus	0.581	11.552	0.979421296	1	NotSig	0.008	0.006
Pseudobacteriovorax	1.352	12.425	0.981640452	1	NotSig	0.005	0.002
Iamia	0.491	11.551	0.984391969	1	NotSig	0.016	0.012
Coxiella	-0.418	14.987	0.996681466	1	NotSig	0.049	0.066
Lutimonas	0.86	15.92	1	1	NotSig	0.17	0.094
