ID	log2FC	log2CPM	PValue	FDR	level	MeanA	MeanB
Gaiella	-3.434	16.624	3.61E-35	5.15E-32	Depleted	0.282	3.045
Gemmata	-2.522	14.053	2.39E-33	1.71E-30	Depleted	0.061	0.351
Pseudomonas	3.708	18.81	1.96E-32	9.34E-30	Enriched	3.263	0.25
Acinetobacter	9.069	17.86	9.66E-25	3.45E-22	Enriched	0.726	0.001
Actinoallomurus	-2.663	15.195	3.59E-23	1.03E-20	Depleted	0.089	0.564
Tepidimonas	-1.982	14.489	8.07E-23	1.92E-20	Depleted	0.125	0.494
Dactylosporangium	-2.3	12.425	2.26E-22	4.62E-20	Depleted	0.021	0.101
Actinomyces	-3.646	15.58	4.92E-22	8.12E-20	Depleted	0.026	0.328
Candidatus_Solibacter	-2.255	12.966	5.12E-22	8.12E-20	Depleted	0.034	0.161
Nocardia	5.62	18.885	1.61E-21	2.30E-19	Enriched	2.991	0.061
Gp1	-1.78	14.921	2.33E-21	3.03E-19	Depleted	0.155	0.532
Brevundimonas	4.23	16.376	1.03E-20	1.22E-18	Enriched	0.672	0.036
Denitratisoma	-4.242	15.053	1.97E-20	2.16E-18	Depleted	0.017	0.328
Conexibacter	-0.698	16.297	2.13E-20	2.18E-18	Depleted	0.337	0.547
Haliangium	-2.187	14.009	2.32E-20	2.21E-18	Depleted	0.058	0.265
Clostridium_sensu_stricto	-2.122	17.074	7.54E-20	6.72E-18	Depleted	0.571	2.484
Ralstonia	6.55	18.687	1.37E-19	1.15E-17	Enriched	2.754	0.029
Pseudolabrys	-1.196	14.489	1.56E-19	1.24E-17	Depleted	0.297	0.681
Rhodococcus	3.688	15.251	3.84E-19	2.89E-17	Enriched	0.287	0.022
Gp13	-5.372	15.92	4.43E-19	3.16E-17	Depleted	0.016	0.657
Acidisoma	-2.112	12.426	6.39E-19	4.18E-17	Depleted	0.016	0.07
Blastopirellula	-1.654	15.01	6.44E-19	4.18E-17	Depleted	0.123	0.388
Gp2	-1.295	16.116	1.50E-18	9.31E-17	Depleted	0.275	0.675
Ktedonobacter	-3.493	17.25	2.55E-18	1.52E-16	Depleted	0.093	1.043
Thermogemmatispora	-3.859	13.966	3.38E-18	1.93E-16	Depleted	0.006	0.081
Telmatobacter	-2.166	13.666	6.30E-18	3.46E-16	Depleted	0.035	0.157
Nitrosococcus	-2.195	12.424	1.04E-17	5.51E-16	Depleted	0.021	0.096
Solirubrobacter	-0.693	15.92	1.21E-17	6.15E-16	Depleted	0.617	0.997
Schlegelella	-3.177	15.458	1.72E-17	8.46E-16	Depleted	0.04	0.359
Armatimonadetes_gp6	-3.862	14.135	1.98E-17	9.40E-16	Depleted	0.021	0.299
Armatimonas/Armatimonadetes_gp1	-4.976	12.966	3.14E-17	1.45E-15	Depleted	0.003	0.093
Iodobacter	-4.857	12.136	3.31E-17	1.48E-15	Depleted	0.003	0.077
Escherichia/Shigella	9.414	16.594	4.05E-17	1.75E-15	Enriched	0.692	0.001
Stenotrophomonas	8.359	17.965	9.51E-17	3.99E-15	Enriched	0.666	0.002
Rhodovibrio	-4.464	12.667	1.21E-16	4.91E-15	Depleted	0.004	0.091
Rugosimonospora	-1.56	14.175	1.73E-16	6.84E-15	Depleted	0.073	0.214
Roseiarcus	-3.029	14.214	2.41E-16	9.31E-15	Depleted	0.031	0.252
Minicystis	-2.265	12.966	2.64E-16	9.92E-15	Depleted	0.016	0.076
Oxalophagus	-1.97	11.773	3.77E-16	1.33E-14	Depleted	0.02	0.078
Methyloceanibacter	-1.964	13.425	3.78E-16	1.33E-14	Depleted	0.057	0.223
Hydrogenispora	-2.685	15.341	3.81E-16	1.33E-14	Depleted	0.056	0.359
Gp17	-2.905	15.596	4.36E-16	1.48E-14	Depleted	0.059	0.441
Lacibacterium	-4.012	14.053	1.11E-15	3.68E-14	Depleted	0.012	0.199
Candidatus_Koribacter	-2.378	12.666	1.36E-15	4.41E-14	Depleted	0.012	0.061
Gp5	-3.532	13.873	1.46E-15	4.64E-14	Depleted	0.017	0.201
Sporosarcina	-2.222	13.288	1.57E-15	4.86E-14	Depleted	0.014	0.067
Ferrimicrobium	-2.209	12.136	1.67E-15	5.06E-14	Depleted	0.024	0.113
Acidothermus	-2.926	14.011	1.99E-15	5.92E-14	Depleted	0.025	0.192
Catelliglobosispora	-3.078	12.666	2.20E-15	6.41E-14	Depleted	0.012	0.099
Nocardioides	2.811	18.022	2.48E-15	7.07E-14	Enriched	2.484	0.354
Trueperella	-4.208	12.136	3.80E-15	1.06E-13	Depleted	0.003	0.06
Tessaracoccus	-5.928	11.551	3.88E-15	1.06E-13	Depleted	0.001	0.036
Paenibacillus	-2.148	14.52	4.22E-15	1.14E-13	Depleted	0.125	0.555
Blastochloris	-2.948	12.966	7.72E-15	2.04E-13	Depleted	0.017	0.129
Methylophilus	-2.735	15.785	9.34E-15	2.42E-13	Depleted	0.024	0.162
Clostridium_XlVa	-1.946	13.666	1.13E-14	2.89E-13	Depleted	0.048	0.186
WPS-2_genera_incertae_sedis	-2.839	15.638	1.18E-14	2.97E-13	Depleted	0.042	0.301
Cohnella	-1.841	13.135	1.24E-14	3.02E-13	Depleted	0.025	0.09
Pantoea	7.614	15.581	1.25E-14	3.02E-13	Enriched	0.199	0.001
Rudaea	-2.647	12.873	1.29E-14	3.08E-13	Depleted	0.018	0.114
Gp10	-1.726	14.009	1.83E-14	4.27E-13	Depleted	0.069	0.229
Chloroflexus	-2.549	15.442	2.45E-14	5.65E-13	Depleted	0.043	0.25
Pelotomaculum	-3.136	14.522	2.62E-14	5.95E-13	Depleted	0.016	0.142
Thermosporothrix	-0.554	17.496	3.70E-14	8.25E-13	Depleted	0.693	1.017
Desulfitibacter	-3.248	13.873	4.29E-14	9.42E-13	Depleted	0.019	0.184
Tumebacillus	-2.69	17.989	5.56E-14	1.20E-12	Depleted	0.272	1.757
Gp22	-2.737	12.774	6.75E-14	1.44E-12	Depleted	0.014	0.09
Desulfosoma	-4.565	11.773	6.95E-14	1.46E-12	Depleted	0.001	0.035
Sporacetigenium	-3.135	13.966	1.07E-13	2.22E-12	Depleted	0.018	0.16
Thermaerobacter	-4.558	12.136	1.15E-13	2.34E-12	Depleted	0.001	0.028
Desulfuromonas	-1.309	12.288	1.54E-13	3.10E-12	Depleted	0.036	0.088
Syntrophus	-4.448	11.288	2.25E-13	4.46E-12	Depleted	0.001	0.026
Pseudoxanthomonas	5.251	17.27	3.61E-13	7.06E-12	Enriched	0.553	0.015
Jatrophihabitans	-1.544	13.054	3.80E-13	7.33E-12	Depleted	0.035	0.102
Cystobacter	-1.106	14.775	5.73E-13	1.09E-11	Depleted	0.054	0.116
Micromonospora	-2.504	15.032	6.35E-13	1.19E-11	Depleted	0.139	0.789
Desulfoglaeba	-3.659	12.135	6.61E-13	1.22E-11	Depleted	0.005	0.067
Aneurinibacillus	-2.761	11.772	2.09E-12	3.79E-11	Depleted	0.006	0.04
Clostridium_XI	-2.594	12.966	2.10E-12	3.79E-11	Depleted	0.013	0.076
Actinomadura	-0.667	19.183	2.26E-12	4.04E-11	Depleted	1.687	2.679
Lelliottia	8.696	18.38	4.16E-12	7.32E-11	Enriched	0.841	0.002
Bosea	3.335	15.136	4.50E-12	7.82E-11	Enriched	0.252	0.025
Zavarzinella	-1.68	15.156	5.72E-12	9.83E-11	Depleted	0.154	0.492
Arthrobacter	1.871	19.003	6.35E-12	1.08E-10	Enriched	2.459	0.672
Gp4	-1.908	17.983	8.20E-12	1.38E-10	Depleted	0.716	2.688
Latescibacteria_genera_incertae_sedis	-1.971	14.897	8.61E-12	1.43E-10	Depleted	0.044	0.171
Chthonomonas/Armatimonadetes_gp3	-2.61	12.665	9.52E-12	1.56E-10	Depleted	0.01	0.063
Desulfotomaculum	1.534	17.579	1.14E-11	1.85E-10	Enriched	1.15	0.397
Clostridium_III	-1.197	16.032	1.53E-11	2.45E-10	Depleted	0.469	1.076
Catabacter	-3.278	16.146	1.62E-11	2.57E-10	Depleted	0.044	0.422
Thermolithobacter	-5.39	10.967	1.89E-11	2.96E-10	Depleted	0.001	0.025
Rhodoplanes	-2.771	15.551	2.24E-11	3.48E-10	Depleted	0.184	1.256
Caloramator	-3.216	15.251	7.16E-11	1.10E-09	Depleted	0.041	0.377
Gracilibacter	-0.973	15.424	8.36E-11	1.27E-09	Depleted	0.197	0.386
Pedomicrobium	-2.09	14.694	8.54E-11	1.28E-09	Depleted	0.127	0.54
Rhodoligotrophos	-1.811	12.288	8.61E-11	1.28E-09	Depleted	0.016	0.057
Chryseobacterium	7.175	15.954	9.65E-11	1.42E-09	Enriched	0.195	0.001
Gimesia	-1.749	13.136	1.17E-10	1.71E-09	Depleted	0.024	0.081
Hazenella	-3.058	11.773	2.40E-10	3.46E-09	Depleted	0.004	0.029
Parasutterella	-5.522	14.011	2.95E-10	4.21E-09	Depleted	0.002	0.108
Thermoleophilum	-1.452	14.721	3.30E-10	4.66E-09	Depleted	0.094	0.257
Armatimonadetes_gp4	-2.646	15.175	3.51E-10	4.91E-09	Depleted	0.044	0.274
Acetobacter	-5.287	10.966	4.12E-10	5.71E-09	Depleted	0.001	0.023
Marinicauda	-5.659	10.551	4.48E-10	6.15E-09	Depleted	0	0.015
Sphingopyxis	4.834	17.603	4.83E-10	6.57E-09	Enriched	0.674	0.024
Gp26	-2.442	15.054	5.93E-10	7.98E-09	Depleted	0.06	0.324
Euzebya	-2.715	13.053	6.06E-10	8.09E-09	Depleted	0.006	0.041
Pelosinus	-1.823	12.288	6.23E-10	8.24E-09	Depleted	0.007	0.026
Thermobrachium	-3.729	12.424	6.36E-10	8.32E-09	Depleted	0.003	0.043
Flavobacterium	1.787	15.392	6.65E-10	8.63E-09	Enriched	0.288	0.083
Thermosediminibacter	-7.574	14.579	8.69E-10	1.12E-08	Depleted	0	0.056
Rhodopila	-2.241	12.136	9.03E-10	1.15E-08	Depleted	0.01	0.049
Azotobacter	6.098	16.105	9.22E-10	1.16E-08	Enriched	0.301	0.004
Desulfosporosinus	-0.856	15.932	9.65E-10	1.21E-08	Depleted	0.255	0.461
Alicyclobacillus	-2.706	17.645	1.04E-09	1.30E-08	Depleted	0.369	2.409
Thermincola	-2.915	14.721	1.54E-09	1.89E-08	Depleted	0.047	0.357
Tolumonas	-16.892	10.551	1.59E-09	1.93E-08	Depleted	0	0.012
Aminomonas	-2.235	12.426	1.90E-09	2.29E-08	Depleted	0.012	0.057
Sediminibacterium	-2.757	16.529	2.23E-09	2.67E-08	Depleted	0.096	0.646
Sorangium	-1.928	12.288	2.31E-09	2.75E-08	Depleted	0.009	0.036
Geobacter	-3.193	15.551	3.10E-09	3.66E-08	Depleted	0.049	0.447
Polyangium	-0.318	14.134	3.23E-09	3.78E-08	Depleted	0.045	0.056
Fonticella	-2.686	13.489	4.57E-09	5.26E-08	Depleted	0.015	0.095
Lactobacillus	8.579	16.799	4.59E-09	5.26E-08	Enriched	0.646	0.002
Gp25	-3.18	11.774	4.60E-09	5.26E-08	Depleted	0.003	0.024
Desulfitobacterium	-1.69	15.651	4.70E-09	5.32E-08	Depleted	0.087	0.282
Acholeplasma	-4.107	11.773	5.44E-09	6.11E-08	Depleted	0.002	0.03
Vulcanibacillus	-3.364	15.85	5.65E-09	6.30E-08	Depleted	0.021	0.221
Aquisphaera	-0.866	14.323	6.49E-09	7.18E-08	Depleted	0.176	0.322
Anaeromyxobacter	-3.531	15.551	9.22E-09	1.01E-07	Depleted	0.044	0.514
Mesorhizobium	2.954	16.551	9.52E-09	1.04E-07	Enriched	0.812	0.105
Halorhodospira	-3.744	14.638	1.06E-08	1.15E-07	Depleted	0.012	0.166
Leuconostoc	10.816	16.652	1.19E-08	1.28E-07	Enriched	0.609	0
Isosphaera	-16.97	10.966	1.30E-08	1.38E-07	Depleted	0	0.013
Staphylococcus	7.694	15.885	1.35E-08	1.43E-07	Enriched	0.07	0
Methylobrevis	-3.955	13.966	1.37E-08	1.44E-07	Depleted	0.006	0.091
Ferrithrix	-2.405	12.289	1.39E-08	1.45E-07	Depleted	0.007	0.036
Acidobacterium	-4.039	15.074	1.55E-08	1.60E-07	Depleted	0.014	0.237
Burkholderia	1.899	16.987	1.75E-08	1.80E-07	Enriched	0.824	0.221
Caldanaerovirga	-5.032	12.134	1.77E-08	1.80E-07	Depleted	0.001	0.019
Actinocorallia	-3.304	10.551	3.19E-08	3.23E-07	Depleted	0.001	0.015
Phenylobacterium	3.82	18.988	3.42E-08	3.43E-07	Enriched	3.13	0.222
Methylovirgula	-2.57	13.289	3.48E-08	3.47E-07	Depleted	0.007	0.042
Moraxella	8.562	14.873	3.67E-08	3.64E-07	Enriched	0.128	0
Ferriphaselus	-1.403	12.55	3.96E-08	3.90E-07	Depleted	0.025	0.067
Desulfovirgula	-2.981	10.551	4.52E-08	4.42E-07	Depleted	0.002	0.019
Gemmatimonas	-0.996	16.27	5.18E-08	5.03E-07	Depleted	0.732	1.461
Anaerosolibacter	-2.808	14.358	5.41E-08	5.22E-07	Depleted	0.031	0.216
Sphaerisporangium	-3.522	10.551	1.83E-07	1.75E-06	Depleted	0.001	0.014
Gp7	-1.38	15.885	1.96E-07	1.87E-06	Depleted	0.322	0.838
Thiobacter	-3.259	11.773	2.14E-07	2.01E-06	Depleted	0.002	0.017
Noviherbaspirillum	2.312	15.708	2.14E-07	2.01E-06	Enriched	0.478	0.096
Hyphomicrobium	-0.026	15.721	2.32E-07	2.17E-06	Depleted	0.275	0.28
Halochromatium	-0.536	15.195	2.66E-07	2.46E-06	Depleted	0.059	0.086
Dendrosporobacter	-2.727	11.966	2.75E-07	2.53E-06	Depleted	0.005	0.033
Siccibacter	7.234	14.096	3.69E-07	3.37E-06	Enriched	0.051	0
Aquamicrobium	20.438	15.566	4.36E-07	3.97E-06	Enriched	0.142	0
Atribacteria_genera_incertae_sedis	-2.483	11.551	4.57E-07	4.12E-06	Depleted	0.004	0.025
Byssovorax	-0.926	14.009	5.12E-07	4.60E-06	Depleted	0.063	0.12
BRC1_genera_incertae_sedis	-2.516	13.359	5.23E-07	4.65E-06	Depleted	0.015	0.084
Bacillus	-0.473	18.942	5.27E-07	4.65E-06	Depleted	2.675	3.713
Limnohabitans	1.886	15.195	5.28E-07	4.65E-06	Enriched	0.182	0.049
Syntrophothermus	1.963	16.58	5.52E-07	4.83E-06	Enriched	0.663	0.17
Microbacterium	1.366	14.666	7.02E-07	6.10E-06	Enriched	0.218	0.084
Planococcus	5.179	14.848	7.05E-07	6.10E-06	Enriched	0.122	0.003
Cellvibrio	4.161	13.61	7.38E-07	6.34E-06	Enriched	0.054	0.003
Aquihabitans	0.039	14.425	7.70E-07	6.58E-06	Enriched	0.114	0.11
Pedobacter	1.653	15.932	8.69E-07	7.38E-06	Enriched	0.304	0.097
Roseateles	2.094	15.666	1.08E-06	9.10E-06	Enriched	0.182	0.043
Granulosicoccus	-2.915	13.135	1.19E-06	9.95E-06	Depleted	0.009	0.067
Methanocella	-3.058	13.824	1.19E-06	9.95E-06	Depleted	0.014	0.118
Aeromonas	5.788	12.772	1.27E-06	1.05E-05	Enriched	0.037	0.001
Salinibacter	-2.65	13.358	1.58E-06	1.30E-05	Depleted	0.008	0.052
Caldicoprobacter	-1.254	11.288	1.64E-06	1.35E-05	Depleted	0.011	0.027
Ohtaekwangia	7.514	18.425	1.69E-06	1.38E-05	Enriched	0.926	0.005
Rubrobacter	-1.706	14.358	1.70E-06	1.38E-05	Depleted	0.066	0.215
Ferrovibrio	6.645	13.61	1.80E-06	1.45E-05	Enriched	0.034	0
Effusibacillus	-5.154	10.966	1.90E-06	1.53E-05	Depleted	0	0.01
Oxobacter	-0.366	13.61	2.03E-06	1.62E-05	Depleted	0.07	0.09
Thermoflavifilum	-5.006	10.965	2.11E-06	1.67E-05	Depleted	0	0.009
Terrimonas	1.694	16.297	2.28E-06	1.80E-05	Enriched	0.373	0.115
Thermoanaerobacterium	-3.199	10.551	2.29E-06	1.80E-05	Depleted	0.001	0.008
Kozakia	-3.075	10.966	2.38E-06	1.86E-05	Depleted	0.002	0.015
Oceanibacterium	-2.06	16.279	2.87E-06	2.23E-05	Depleted	0.029	0.123
Labilithrix	-1.288	11.772	3.21E-06	2.48E-05	Depleted	0.012	0.029
Eggerthella	-4.724	9.967	3.48E-06	2.67E-05	Depleted	0	0.008
WPS-1_genera_incertae_sedis	-0.421	14.01	3.92E-06	2.99E-05	Depleted	0.11	0.148
Symbiobacterium	-2.225	18.282	4.09E-06	3.11E-05	Depleted	0.708	3.312
Pelobacter	-2.785	11.551	4.33E-06	3.27E-05	Depleted	0.003	0.02
Tardiphaga	3.141	13.61	4.76E-06	3.58E-05	Enriched	0.089	0.01
Desulfonauticus	-3.37	11.287	4.89E-06	3.65E-05	Depleted	0.001	0.012
Gemella	-2.784	9.967	4.91E-06	3.65E-05	Depleted	0.001	0.01
Nitrospira	-0.922	13.551	4.95E-06	3.66E-05	Depleted	0.125	0.237
Laceyella	0.162	14.693	5.33E-06	3.92E-05	Enriched	0.071	0.064
Cryptanaerobacter	-17.58	12.426	5.87E-06	4.29E-05	Depleted	0	0.02
Porphyrobacter	-3.259	9.966	6.27E-06	4.57E-05	Depleted	0.001	0.008
Saccharopolyspora	0.036	14.988	6.75E-06	4.89E-05	Enriched	0.041	0.04
Fodinibacter	-5.244	11.551	7.18E-06	5.17E-05	Depleted	0	0.011
Gp16	-0.725	16.449	7.68E-06	5.51E-05	Depleted	0.605	1
Achromobacter	7.347	18.746	7.74E-06	5.52E-05	Enriched	1.76	0.011
Candidatus_Anammoxoglobus	-4.784	10.549	7.95E-06	5.64E-05	Depleted	0	0.008
Alkaliphilus	-1.01	13.214	8.97E-06	6.34E-05	Depleted	0.031	0.062
Gp11	-1.57	12.136	9.17E-06	6.44E-05	Depleted	0.016	0.046
Fluviicola	3.063	11.288	9.74E-06	6.81E-05	Enriched	0.014	0.002
Calditerricola	-2.579	10.55	9.78E-06	6.81E-05	Depleted	0.001	0.009
Anaeroplasma	22.853	17.688	1.02E-05	7.08E-05	Enriched	0.758	0
Kyrpidia	-15.81	9.966	1.14E-05	7.85E-05	Depleted	0	0.006
Naumannella	-3.522	10.551	1.22E-05	8.40E-05	Depleted	0.001	0.01
Caldanaerobius	-1.185	11.773	1.25E-05	8.54E-05	Depleted	0.014	0.032
Caulobacter	2.393	14.213	1.30E-05	8.81E-05	Enriched	0.105	0.02
Methylomicrobium	8.746	16.116	1.38E-05	9.35E-05	Enriched	0.145	0
Aeromicrobium	3.589	18.116	1.48E-05	9.96E-05	Enriched	1.228	0.102
Megasphaera	-4.591	9.967	1.54E-05	0.000103392	Depleted	0	0.007
Desulfovibrio	-0.359	12.774	1.60E-05	0.000106819	Depleted	0.028	0.035
Rathayibacter	-3.784	9.966	1.68E-05	0.000111811	Depleted	0.001	0.008
Hirschia	4.592	15.885	1.75E-05	0.000115488	Enriched	0.114	0.005
Jeotgalibacillus	-1.603	12.286	1.90E-05	0.000125009	Depleted	0.004	0.013
Desulfacinum	-15.81	10.551	2.21E-05	0.000144641	Depleted	0	0.006
Sedimentibacter	-1.609	12.773	2.27E-05	0.000147691	Depleted	0.026	0.078
Janthinobacterium	1.226	16.543	2.29E-05	0.000148382	Enriched	0.186	0.08
Albidovulum	-1.339	14.551	2.50E-05	0.000161476	Depleted	0.076	0.192
Taibaiella	6.429	14.054	2.67E-05	0.000171535	Enriched	0.029	0
Paracoccus	3.09	12.551	2.73E-05	0.000174659	Enriched	0.026	0.003
Beijerinckia	-2.04	13.214	2.75E-05	0.000175327	Depleted	0.015	0.06
Lactococcus	17.303	12.873	2.87E-05	0.00018117	Enriched	0.016	0
Paralcaligenes	20.141	14.694	2.87E-05	0.00018117	Enriched	0.116	0
Niastella	3.785	16.251	3.36E-05	0.000211268	Enriched	0.205	0.015
Rhodomicrobium	-1.136	10.551	3.74E-05	0.000233976	Depleted	0.007	0.015
Streptococcus	2.909	13.551	3.84E-05	0.000238834	Enriched	0.061	0.008
Azoarcus	-1.431	12.425	3.85E-05	0.000238834	Depleted	0.022	0.059
Dongia	-0.309	14.824	3.98E-05	0.000244564	Depleted	0.105	0.13
Streptomyces	-0.364	18.165	3.98E-05	0.000244564	Depleted	2.78	3.577
Methylobacterium	2.826	15.551	4.06E-05	0.00024874	Enriched	0.216	0.03
Ornatilinea	-1.473	14.323	4.18E-05	0.000254733	Depleted	0.094	0.26
Pseudoalteromonas	-15.722	9.967	4.28E-05	0.000259632	Depleted	0	0.005
Williamsia	3.424	13.214	4.68E-05	0.000283106	Enriched	0.033	0.003
Gp21	-1.037	11.55	4.75E-05	0.000285717	Depleted	0.012	0.025
Marisediminicola	19.677	14.666	4.79E-05	0.000287477	Enriched	0.084	0
Bauldia	-1.711	12.425	5.15E-05	0.000307511	Depleted	0.012	0.039
Actinocatenispora	-3.259	10.551	5.26E-05	0.000312466	Depleted	0.001	0.008
Inquilinus	-1.213	12.424	5.29E-05	0.000312966	Depleted	0.016	0.037
Atopobium	-2.023	12.966	5.34E-05	0.000315018	Depleted	0.011	0.047
Larsenimonas	-4.131	13.489	5.45E-05	0.000320165	Depleted	0.001	0.021
Geodermatophilus	-0.219	15.213	5.63E-05	0.000329441	Depleted	0.089	0.103
Garciella	-1.042	13.873	5.71E-05	0.000332748	Depleted	0.037	0.076
Fervidicella	-2.966	10.551	5.89E-05	0.000341886	Depleted	0.001	0.011
Ensifer	5.099	16.955	6.44E-05	0.00037188	Enriched	0.556	0.016
Gordonia	3.996	11.551	6.52E-05	0.000375219	Enriched	0.016	0.001
Gp6	-1.668	17.384	6.61E-05	0.000378558	Depleted	1.033	3.285
Alkanindiges	16.223	11.288	7.99E-05	0.000451096	Enriched	0.008	0
Salinimicrobium	20.077	16.053	8.00E-05	0.000451096	Enriched	0.111	0
Nitrobacter	18.405	13.966	8.00E-05	0.000451096	Enriched	0.035	0
Gilvibacter	19.297	15.095	8.00E-05	0.000451096	Enriched	0.064	0
Lysobacter	1.906	16.835	8.22E-05	0.000460796	Enriched	0.689	0.184
Moorella	-15.629	9.967	8.26E-05	0.000460796	Depleted	0	0.005
Ferritrophicum	-2.015	13.611	8.27E-05	0.000460796	Depleted	0.008	0.032
Massilia	0.441	14.58	8.69E-05	0.000482571	Enriched	0.107	0.079
Hydrogenophaga	3.181	14.799	9.76E-05	0.000539837	Enriched	0.147	0.016
Erythromicrobium	-2.209	12.668	0.000100518	0.000553821	Depleted	0.012	0.054
Desulfonema	2.925	12.424	0.00010095	0.000554062	Enriched	0.028	0.004
Thiomicrospira	-2.163	11.967	0.000109747	0.000600035	Depleted	0.003	0.013
Salinarimonas	-1.596	12.873	0.000124824	0.000679862	Depleted	0.019	0.058
Pullulanibacillus	-1.454	12.136	0.000133129	0.000722337	Depleted	0.015	0.042
Catenulispora	-1.459	11.551	0.000166195	0.000898336	Depleted	0.008	0.023
Thermicanus	-4.2	11.772	0.000191719	0.00103021	Depleted	0.001	0.011
Shimazuella	-2.058	10.551	0.000192036	0.00103021	Depleted	0.002	0.01
Pseudochrobactrum	6.291	13.61	0.000200967	0.001074083	Enriched	0.026	0
Aciditerrimonas	-0.504	13.772	0.00021087	0.001122804	Depleted	0.076	0.108
Mycetocola	3.565	12.288	0.000219488	0.001141057	Enriched	0.02	0.002
Saccharothrix	3.003	13.873	0.000220413	0.001141057	Enriched	0.051	0.006
Methylocaldum	20.791	17.24	0.00022147	0.001141057	Enriched	0.181	0
Haliscomenobacter	21.146	18.116	0.000221472	0.001141057	Enriched	0.232	0
Croceicoccus	18.441	13.92	0.000221486	0.001141057	Enriched	0.036	0
Sphingosinicella	18.499	14.323	0.00022149	0.001141057	Enriched	0.037	0
Candidimonas	19.209	15.032	0.000221492	0.001141057	Enriched	0.061	0
Bifidobacterium	17.223	12.667	0.000221492	0.001141057	Enriched	0.015	0
Leucobacter	18.78	14.095	0.000221495	0.001141057	Enriched	0.045	0
Patulibacter	0.161	13.053	0.000259693	0.001333027	Enriched	0.046	0.042
Steroidobacter	-2.649	16.707	0.000296493	0.001516469	Depleted	0.219	1.376
Sporomusa	0.108	15.136	0.000301706	0.001537622	Enriched	0.089	0.082
Thalassobaculum	-15.307	9.966	0.00030663	0.001557157	Depleted	0	0.004
Corynebacterium	3.296	12.666	0.000314444	0.001591176	Enriched	0.023	0.002
Leifsonia	1.939	15.442	0.000337679	0.001702716	Enriched	0.337	0.088
Tissierella	-2.437	10.966	0.000348066	0.001748908	Depleted	0.002	0.011
Shewanella	16.88	12.666	0.000367676	0.00182914	Enriched	0.012	0
Chelatococcus	18.692	13.873	0.000367875	0.00182914	Enriched	0.042	0
Sporocytophaga	19.577	14.848	0.000367879	0.00182914	Enriched	0.078	0
Enhydrobacter	5.26	13.824	0.000384349	0.001904396	Enriched	0.026	0.001
Oscillochloris	-3.936	11.773	0.000405157	0.001995193	Depleted	0.001	0.014
Skermanella	0.274	16.34	0.00040547	0.001995193	Enriched	0.564	0.467
Singulisphaera	-0.537	14.638	0.000413618	0.002025286	Depleted	0.087	0.127
Parvibaculum	7.284	16.897	0.000414424	0.002025286	Enriched	0.105	0.001
Olsenella	-1.595	12.288	0.00047781	0.002327083	Depleted	0.014	0.041
Ureibacillus	0.006	12.773	0.000488392	0.002370529	Enriched	0.009	0.009
Armatimonadetes_gp2	-0.512	14.175	0.000574319	0.002778148	Depleted	0.104	0.148
Acetivibrio	-1.976	12.136	0.000585119	0.002820829	Depleted	0.012	0.046
Tangfeifania	-15.423	9.967	0.000590521	0.002837285	Depleted	0	0.004
Ochrobactrum	18.998	15.773	0.000610348	0.002893807	Enriched	0.052	0
Enterococcus	16.651	11.773	0.000610354	0.002893807	Enriched	0.01	0
Persicitalea	20.734	16.908	0.000610391	0.002893807	Enriched	0.174	0
Vitellibacter	20.159	15.707	0.000610397	0.002893807	Enriched	0.117	0
Glycocaulis	-2.522	9.967	0.000621508	0.002936727	Depleted	0.001	0.007
Caloranaerobacter	-2.118	11.289	0.000638286	0.003006053	Depleted	0.003	0.011
Roseiflexus	-4.287	11.551	0.000716737	0.00336442	Depleted	0.001	0.011
Acidithiobacillus	4.754	13.824	0.000726687	0.00339551	Enriched	0.027	0.001
Limnobacter	5.688	17.617	0.000728119	0.00339551	Enriched	1.08	0.021
Zoogloea	-1.38	15.392	0.00077175	0.003587257	Depleted	0.083	0.216
Kofleria	-0.141	12.966	0.000842531	0.003903544	Depleted	0.059	0.065
Armatimonadetes_gp5	-2.501	12.288	0.00090661	0.004186836	Depleted	0.004	0.023
Chondromyces	-0.794	12.426	0.000914128	0.004207938	Depleted	0.031	0.054
Diplorickettsia	6.587	17.785	0.000975432	0.004475695	Enriched	0.455	0.005
Thermogutta	-0.888	14.095	0.000983764	0.004499459	Depleted	0.045	0.084
Syntrophobotulus	-1.843	13.773	0.001001227	0.0045137	Depleted	0.024	0.086
Thermoanaerobacter	-2.392	11.551	0.001004132	0.0045137	Depleted	0.002	0.011
Pseudorhodoferax	17.25	12.964	0.00101197	0.0045137	Enriched	0.016	0
Thermoflavimicrobium	18.476	15.175	0.001012081	0.0045137	Enriched	0.036	0
Propionibacterium	16.566	12.426	0.001012101	0.0045137	Enriched	0.01	0
Oerskovia	17.166	12.288	0.001012122	0.0045137	Enriched	0.015	0
Natronocella	17.61	12.773	0.001012172	0.0045137	Enriched	0.02	0
Gelidibacter	20.209	16.126	0.001012182	0.0045137	Enriched	0.121	0
Pectinatus	-15.529	10.55	0.001137748	0.005057841	Depleted	0	0.005
Lutispora	-1.41	10.551	0.0011526	0.00510795	Depleted	0.005	0.012
Mycobacterium	0.153	15.442	0.001215564	0.005370311	Enriched	0.487	0.438
Ramlibacter	0.853	16.26	0.001241433	0.005467668	Enriched	0.634	0.351
Fictibacillus	1.211	14.666	0.001288022	0.005655407	Enriched	0.11	0.048
Veillonella	-1.161	10.966	0.001380114	0.006041173	Depleted	0.006	0.012
Labrys	-1.2	11.288	0.001434531	0.006250191	Depleted	0.005	0.011
Methylobacter	8.913	16.76	0.001436624	0.006250191	Enriched	0.163	0
Nevskia	6.93	14.458	0.001453169	0.006302956	Enriched	0.041	0
Coxiella	5.009	11.55	0.001478468	0.006393254	Enriched	0.011	0
Rhizomicrobium	-0.573	13.921	0.001546071	0.006665388	Depleted	0.059	0.088
Caldicellulosiruptor	4.009	12.425	0.001583382	0.006805679	Enriched	0.011	0.001
Acidovorax	4.379	15.425	0.001635325	0.00694024	Enriched	0.07	0.003
Mongoliitalea	17.692	14.489	0.001677344	0.00694024	Enriched	0.021	0
Rubritalea	17.166	12.666	0.001677562	0.00694024	Enriched	0.015	0
Actinophytocola	18.599	14.747	0.001677579	0.00694024	Enriched	0.04	0
Sphingobacterium	18.03	14.136	0.001677595	0.00694024	Enriched	0.027	0
Simplicispira	18.236	13.92	0.001677595	0.00694024	Enriched	0.031	0
Oceanibaculum	17.38	13.288	0.001677729	0.00694024	Enriched	0.017	0
Sanguibacter	16.807	11.966	0.001677796	0.00694024	Enriched	0.011	0
Alishewanella	16.429	12.136	0.001677847	0.00694024	Enriched	0.009	0
Rhodocytophaga	18.122	13.719	0.001677847	0.00694024	Enriched	0.029	0
Fodinicurvata	17.826	13.288	0.001677897	0.00694024	Enriched	0.023	0
Rubricoccus	17.88	14.425	0.001677897	0.00694024	Enriched	0.024	0
Cyclobacterium	19.374	15.442	0.001677914	0.00694024	Enriched	0.068	0
Formivibrio	-3.448	12.288	0.001715384	0.007074719	Depleted	0.001	0.013
Lautropia	2.476	12.773	0.001769922	0.007278612	Enriched	0.043	0.008
Algoriphagus	2.919	15.214	0.001785701	0.007322399	Enriched	0.141	0.019
Pseudooctadecabacter	2.555	13.055	0.001824738	0.007461034	Enriched	0.032	0.005
Hartmannibacter	-2.126	9.966	0.001911204	0.007792251	Depleted	0.001	0.006
Dechloromonas	-0.118	13.667	0.001925203	0.007817595	Depleted	0.048	0.052
Aestuariimicrobium	-2.645	12.773	0.001928377	0.007817595	Depleted	0.003	0.017
Propionispira	-1.37	11.288	0.001976982	0.007984389	Depleted	0.002	0.006
Luteococcus	-2.147	13.134	0.00198071	0.007984389	Depleted	0.006	0.027
Cerasicoccus	-3.66	12.136	0.002110889	0.008485178	Depleted	0.001	0.011
Rhizobium	0.639	14.921	0.002327632	0.009330143	Enriched	0.271	0.174
Actinotalea	-0.59	12.873	0.002336385	0.009338996	Depleted	0.051	0.077
Fontimonas	4.706	11.772	0.002468229	0.009838445	Enriched	0.009	0
Sphaerobacter	-0.387	13.666	0.002670258	0.010614089	Depleted	0.066	0.086
Metallibacterium	-3.575	17.306	0.002750467	0.01087672	Depleted	0.227	2.702
Weeksella	17.107	13.489	0.002781756	0.01087672	Enriched	0.014	0
Verrucosispora	18.38	15.409	0.002781895	0.01087672	Enriched	0.034	0
Clavibacter	16.77	12.288	0.002781979	0.01087672	Enriched	0.011	0
Arachidicoccus	20.519	16.315	0.002782034	0.01087672	Enriched	0.15	0
Parapedobacter	18.368	13.92	0.002782062	0.01087672	Enriched	0.034	0
Acidipila	-1.878	10.551	0.002837268	0.011062243	Depleted	0.001	0.005
Gp3	-0.714	13.721	0.002870234	0.011160284	Depleted	0.179	0.293
Pontibacillus	4.183	14.01	0.002922304	0.011331871	Enriched	0.049	0.003
Ferruginibacter	2.601	16.064	0.002950964	0.011411995	Enriched	0.316	0.052
Caldalkalibacillus	0.057	12.288	0.003038361	0.01171822	Enriched	0.014	0.014
Demequina	3.169	13.551	0.003123302	0.012013346	Enriched	0.036	0.004
Ideonella	1.836	14.747	0.003152033	0.012091268	Enriched	0.084	0.024
Emticicia	1.843	13.357	0.003186403	0.012188647	Enriched	0.03	0.008
Clostridium_IV	-0.785	12.426	0.003194502	0.012188647	Depleted	0.004	0.007
Brevibacillus	0.196	13.288	0.003298901	0.012525253	Enriched	0.045	0.04
Heliorestis	-2.168	12.426	0.003303079	0.012525253	Depleted	0.003	0.015
Ignavibacterium	-0.489	13.873	0.003309054	0.012525253	Depleted	0.024	0.033
Sphingomonas	0.383	16.873	0.003327934	0.012563391	Enriched	1.719	1.318
Rhodanobacter	-1.66	17.983	0.003424213	0.012892749	Depleted	0.905	2.86
Nitrolancea	0.437	16.165	0.00345984	0.012992611	Enriched	0.214	0.158
Chryseolinea	0.309	14.964	0.003498527	0.013103407	Enriched	0.118	0.095
Magnetospira	-1.038	11.551	0.00371955	0.013894758	Depleted	0.01	0.02
Shinella	3.385	13.135	0.003994679	0.014869252	Enriched	0.032	0.003
Psychrobacter	8.266	15.977	0.004001256	0.014869252	Enriched	0.104	0
Marinomonas	7.113	16.01	0.004046492	0.014998298	Enriched	0.047	0
Maribacter	-2.396	12.136	0.00425642	0.015735523	Depleted	0.004	0.019
Dialister	0.186	14.424	0.004461757	0.016452008	Enriched	0.105	0.093
Kocuria	2.302	10.551	0.004526748	0.016648632	Enriched	0.005	0.001
Sphingorhabdus	3.084	14.392	0.004582911	0.016719756	Enriched	0.077	0.009
Bacteroides	17.355	14.489	0.004616156	0.016719756	Enriched	0.017	0
Methylovulum	16.692	12.773	0.004616156	0.016719756	Enriched	0.011	0
Muricauda	18.499	14.694	0.004616202	0.016719756	Enriched	0.037	0
Aureispira	19.978	15.811	0.004616341	0.016719756	Enriched	0.103	0
Aquimarina	18.808	14.323	0.004616387	0.016719756	Enriched	0.046	0
Ectothiorhodospira	-1.392	13.55	0.004926758	0.017798692	Depleted	0.033	0.086
Ilumatobacter	-0.363	14.873	0.005052815	0.018207998	Depleted	0.17	0.218
Cellulosibacter	-2.785	9.966	0.005114205	0.018382797	Depleted	0.001	0.004
Spartobacteria_genera_incertae_sedis	-0.803	17.504	0.005160994	0.01850437	Depleted	0.9	1.57
Prosthecochloris	-3.842	11.966	0.00532591	0.019027873	Depleted	0.001	0.008
Nitrosomonas	3.818	13.774	0.005333671	0.019027873	Enriched	0.024	0.002
Pirellula	-0.543	14.694	0.005357061	0.019063655	Depleted	0.18	0.262
Intrasporangium	2.063	11.287	0.005501428	0.019528702	Enriched	0.007	0.002
Peptococcus	-0.648	11.964	0.005793786	0.020515466	Depleted	0.016	0.025
Marmoricola	0.635	13.773	0.005914193	0.020889982	Enriched	0.119	0.077
Povalibacter	-0.502	14.58	0.006032585	0.021255554	Depleted	0.145	0.206
Mangroviflexus	1.385	11.967	0.006581024	0.023130839	Enriched	0.016	0.006
Kineococcus	3.799	10.551	0.00689008	0.024157602	Enriched	0.005	0
Longilinea	-0.538	14.323	0.006991012	0.024451408	Depleted	0.081	0.118
Streptacidiphilus	0.317	13.665	0.007143379	0.02492323	Enriched	0.107	0.086
Hydrocarboniphaga	5.31	14.426	0.007178619	0.024985095	Enriched	0.067	0.002
Xanthobacter	1.483	14.694	0.007253924	0.025185766	Enriched	0.018	0.006
Parafilimonas	17.014	12.966	0.007671902	0.026445036	Enriched	0.013	0
Roseivirga	17.88	14.551	0.007672134	0.026445036	Enriched	0.024	0
Paraperlucidibaca	18.122	14.288	0.007672211	0.026445036	Enriched	0.029	0
Niveispirillum	-14.307	8.966	0.008204592	0.028150025	Depleted	0	0.002
Neorickettsia	-15.423	10.966	0.008206314	0.028150025	Depleted	0	0.004
Phreatobacter	-0.841	12.288	0.008519974	0.029155881	Depleted	0.025	0.044
Azospira	3.785	14.519	0.008584958	0.029307978	Enriched	0.116	0.008
Legionella	-0.795	13.666	0.008657844	0.02948626	Depleted	0.054	0.094
Methylovorus	2.706	11.551	0.008711409	0.02959805	Enriched	0.009	0.001
Diaphorobacter	2.433	12.136	0.008762256	0.029700095	Enriched	0.018	0.003
Thermacetogenium	3.989	14.135	0.008795317	0.029741512	Enriched	0.064	0.004
Chelativorans	3.023	15.375	0.008984131	0.030308169	Enriched	0.146	0.018
Pandoraea	3.914	18.064	0.009233327	0.031047273	Enriched	1.405	0.093
Domibacillus	-0.615	11.551	0.009246735	0.031047273	Depleted	0.009	0.014
Catalinimonas	-3.522	12.425	0.009351476	0.031325249	Depleted	0.001	0.014
Geosporobacter	-2.659	9.965	0.009571534	0.031987306	Depleted	0.001	0.004
Pseudogulbenkiania	-0.991	11.967	0.009617571	0.032066059	Depleted	0.011	0.022
Proteiniclasticum	-3.659	10.551	0.009956801	0.033061273	Depleted	0	0.004
Halomonas	2.289	14.424	0.009962402	0.033061273	Enriched	0.064	0.013
Rivicola	2.817	14.323	0.010176677	0.033694008	Enriched	0.05	0.007
Rheinheimera	0.975	13.92	0.010800318	0.03567605	Enriched	0.021	0.01
Dietzia	6.354	13.92	0.010979318	0.036183571	Enriched	0.028	0
Alkanibacter	3.754	13.49	0.011028746	0.03626272	Enriched	0.036	0.003
Aggregicoccus	-0.236	11.55	0.011154067	0.036590469	Depleted	0.012	0.014
Saccharomonospora	2.454	15.977	0.011187405	0.036615657	Enriched	0.094	0.017
Sneathiella	4.886	12.286	0.011224396	0.036652661	Enriched	0.01	0
Flavitalea	1.286	14.773	0.011441416	0.03727603	Enriched	0.137	0.056
Dokdonella	-2.752	17.26	0.011898086	0.038675554	Depleted	0.303	2.042
Alsobacter	-0.937	13.92	0.012064987	0.039128948	Depleted	0.096	0.184
Anaerospora	-2.2	11.551	0.012230917	0.039577138	Depleted	0.003	0.014
Carboxydothermus	14.844	10.551	0.012781829	0.040450911	Enriched	0.003	0
Humitalea	14.522	9.966	0.012782993	0.040450911	Enriched	0.002	0
Hydrogenophilus	15.844	11.965	0.012783122	0.040450911	Enriched	0.006	0
Alcaligenes	16.61	13.425	0.012784286	0.040450911	Enriched	0.01	0
Weissella	17.789	13.873	0.012784286	0.040450911	Enriched	0.023	0
Brachybacterium	15.429	10.966	0.012784286	0.040450911	Enriched	0.004	0
Alkalitalea	19.785	16.873	0.012784286	0.040450911	Enriched	0.09	0
Arcticibacter	18.651	14.943	0.012784416	0.040450911	Enriched	0.041	0
Thiolamprovum	21.166	16.417	0.012784416	0.040450911	Enriched	0.235	0
Taonella	16.692	12.136	0.012784416	0.040450911	Enriched	0.011	0
Brevibacterium	3.073	11.288	0.012862025	0.040606438	Enriched	0.009	0.001
Wandonia	1.801	9.965	0.013837551	0.043589814	Enriched	0.004	0.001
Acidisphaera	-2.2	9.966	0.014038938	0.044126793	Depleted	0.001	0.004
Propionispora	-1.604	11.773	0.014204199	0.044548114	Depleted	0.005	0.015
Amycolatopsis	5.624	18.037	0.015963942	0.049957335	Enriched	2.049	0.042
Saccharospirillum	-16.477	12.426	0.016003452	0.049971391	Depleted	0	0.009
Anaerobranca	-0.989	11.551	0.016351734	0.050947434	Depleted	0.01	0.019
Arhodomonas	-2.784	10.966	0.0175307	0.054501761	Depleted	0.001	0.004
Polaromonas	1.871	15.214	0.018217796	0.056514771	Enriched	0.201	0.055
Sulfuriferula	2.418	15.977	0.018663018	0.057698043	Enriched	0.105	0.02
Pseudohongiella	4.554	13.053	0.018680095	0.057698043	Enriched	0.008	0
Bradyrhizobium	0.37	16.786	0.018912005	0.058288188	Enriched	1.046	0.809
Agromyces	0.765	14.288	0.020065926	0.061711372	Enriched	0.083	0.049
Haemophilus	15.107	11.288	0.02138859	0.065223581	Enriched	0.004	0
Filimonas	18.905	16.277	0.021389901	0.065223581	Enriched	0.049	0
Pseudarcicella	15.692	12.424	0.021390338	0.065223581	Enriched	0.005	0
Bizionia	16.948	13.425	0.021390775	0.065223581	Enriched	0.013	0
Ancylobacter	3.726	14.799	0.021478248	0.065350661	Enriched	0.022	0.002
Caldithrix	-1.522	9.966	0.026260745	0.079732092	Depleted	0.001	0.003
Thermobifida	2.69	16.009	0.027087582	0.082067898	Enriched	0.174	0.027
Olivibacter	5.99	14.393	0.030108481	0.091027125	Enriched	0.021	0
Nitratireductor	3.888	11.288	0.030595993	0.092247738	Enriched	0.005	0
Syntrophomonas	5.967	16.707	0.030641505	0.092247738	Enriched	0.444	0.007
Phaeospirillum	3.707	11.773	0.03092539	0.092906382	Enriched	0.004	0
Dehalobacter	-0.59	11.288	0.031275181	0.09375984	Depleted	0.009	0.013
Vulgatibacter	-14.044	9.967	0.031514396	0.094278917	Depleted	0	0.002
Marinilabilia	-2.075	9.967	0.032067627	0.09573327	Depleted	0.001	0.004
Paludibaculum	-1.5	13.551	0.032267069	0.096127572	Depleted	0.019	0.054
Orientia	-1.615	9.965	0.033723377	0.10025679	Depleted	0.001	0.003
Deinococcus	5.181	16.998	0.033814667	0.100319101	Enriched	0.123	0.003
Aquabacterium	2.049	17.085	0.03394874	0.100319101	Enriched	0.545	0.132
Rhodoluna	2.302	10.55	0.033955239	0.100319101	Enriched	0.005	0.001
Profundibacterium	-3.008	9.967	0.035515154	0.104711002	Depleted	0	0.002
Spongiivirga	17.453	14.61	0.036016418	0.105104214	Enriched	0.018	0
Lachnospiracea_incertae_sedis	14.522	10.551	0.036016418	0.105104214	Enriched	0.002	0
Azorhizobium	17.046	14.214	0.036016418	0.105104214	Enriched	0.014	0
Paraglaciecola	16.982	13.214	0.036016791	0.105104214	Enriched	0.013	0
Pyrinomonas	16.948	13.288	0.036016791	0.105104214	Enriched	0.013	0
Sulfobacillus	-3.199	9.966	0.036580919	0.106532594	Depleted	0	0.003
Thiobacillus	2.547	12.55	0.036999904	0.107533326	Enriched	0.014	0.002
Compostibacillus	2.619	12.872	0.037878846	0.10986405	Enriched	0.035	0.006
Glycomyces	1.507	15.988	0.039928074	0.115572741	Enriched	0.069	0.024
Adhaeribacter	1.298	16.286	0.040125586	0.115909335	Enriched	0.081	0.033
Rhizorhapis	1.419	11.551	0.042639607	0.122922666	Enriched	0.013	0.005
Turicibacter	0	15.01	0.043514388	0.125191595	NotSig	0.109	0.109
Dyella	-0.413	13.425	0.044505383	0.127785074	Depleted	0.046	0.061
Microbispora	-0.49	11.966	0.046697772	0.133810683	Depleted	0.011	0.015
Herbaspirillum	-1.037	12.136	0.047379799	0.135492933	Depleted	0.008	0.017
Anaerovorax	0.287	12.873	0.047748429	0.136186557	Enriched	0.052	0.043
Roseomonas	-0.742	14.489	0.04781322	0.136186557	Depleted	0.1	0.167
Castellaniella	4.048	13.425	0.04930236	0.140148343	Enriched	0.017	0.001
Anaerovibrio	3.122	9.967	0.049907139	0.141585461	Enriched	0.003	0
Geoalkalibacter	1.414	14.214	0.050418673	0.142752871	NotSig	0.044	0.017
Gemmobacter	3.302	11.966	0.050907075	0.143850289	NotSig	0.01	0.001
Chiayiivirga	3.607	11.288	0.051235425	0.144491999	NotSig	0.004	0
Streptomonospora	-0.741	12.666	0.051524399	0.145020351	NotSig	0.013	0.022
Gp9	4.5	13.214	0.052749071	0.148175048	NotSig	0.015	0.001
Mameliella	-3.723	12.872	0.053412217	0.149743092	NotSig	0.001	0.016
Peredibacter	1.267	11.551	0.054556188	0.152650354	NotSig	0.014	0.006
Aurantimonas	2.444	11.773	0.055153064	0.154018438	NotSig	0.007	0.001
Allocatelliglobosispora	-1.117	11.773	0.056953026	0.158734314	NotSig	0.008	0.017
Prosthecobacter	-0.863	10.966	0.057530854	0.160032221	NotSig	0.004	0.006
Caenispirillum	0.856	17.053	0.058439831	0.162244434	NotSig	0.409	0.226
Saccharibacteria_genera_incertae_sedis	1.688	18.16	0.059451188	0.164578795	NotSig	1.662	0.516
Promicromonospora	2.932	13.666	0.059511323	0.164578795	NotSig	0.034	0.004
Sulfuritalea	-1.25	15.115	0.060203379	0.165187448	NotSig	0.095	0.226
Siphonobacter	14.692	11.55	0.061233678	0.165187448	NotSig	0.003	0
Simkania	15.33	11.966	0.061235623	0.165187448	NotSig	0.004	0
Cetobacterium	14.692	10.966	0.061235623	0.165187448	NotSig	0.003	0
Marinimicrobium	17.277	14.52	0.061235623	0.165187448	NotSig	0.016	0
Gryllotalpicola	14.329	10.965	0.061235623	0.165187448	NotSig	0.002	0
Hydrogenoanaerobacterium	14.522	10.966	0.061235623	0.165187448	NotSig	0.002	0
Perlucidibaca	14.107	9.966	0.061235623	0.165187448	NotSig	0.002	0
Salisaeta	18.304	15.358	0.061236272	0.165187448	NotSig	0.032	0
Litorivivens	15.522	11.551	0.061236272	0.165187448	NotSig	0.005	0
Pseudomaricurvus	15.61	12.425	0.061236272	0.165187448	NotSig	0.005	0
Cloacibacterium	14.329	10.55	0.061236272	0.165187448	NotSig	0.002	0
Leadbetterella	17.5	14.639	0.061236272	0.165187448	NotSig	0.019	0
Blastococcus	2.779	17.734	0.061888671	0.166632327	NotSig	0.819	0.119
Desulfoprunum	-13.308	8.967	0.063092403	0.169553408	NotSig	0	0.001
Sinibacillus	2.67	14.551	0.064334712	0.172566981	NotSig	0.028	0.004
Ectothiorhodosinus	-2.522	8.967	0.067416355	0.180493693	NotSig	0	0.002
Bdellovibrio	3.033	13.425	0.06786354	0.181350696	NotSig	0.028	0.003
Aureimonas	2.887	13.135	0.072643635	0.193761622	NotSig	0.035	0.005
Methyloversatilis	1.675	14.136	0.076926852	0.20480339	NotSig	0.023	0.007
Azospirillum	0.416	15.375	0.077744045	0.20659358	NotSig	0.123	0.092
Cellulosimicrobium	2.693	14.323	0.080964136	0.214499153	NotSig	0.076	0.012
Serinicoccus	3.122	13.135	0.08104338	0.214499153	NotSig	0.015	0.002
Solimonas	4.409	17.214	0.081169967	0.214499153	NotSig	0.696	0.033
Blastomonas	1.207	13.609	0.083195369	0.219244485	NotSig	0.069	0.03
Heliophilum	3.259	10.551	0.083272958	0.219244485	NotSig	0.003	0
Prevotella	3.8	11.967	0.084133138	0.221101266	NotSig	0.005	0
Schumannella	2.8	11.551	0.085004098	0.222979499	NotSig	0.005	0.001
Luteolibacter	1.377	13.92	0.085160774	0.222980595	NotSig	0.05	0.019
Thermomarinilinea	-2.671	15.581	0.089038862	0.232707796	NotSig	0.019	0.12
Sandaracinus	1.701	14.053	0.089949249	0.234657363	NotSig	0.037	0.011
Hoeflea	2.327	15.01	0.091149758	0.2373553	NotSig	0.136	0.027
Sphaerotilus	1.315	11.288	0.092774229	0.241145399	NotSig	0.006	0.002
Opitutus	-0.094	16.032	0.094581011	0.245394733	NotSig	0.24	0.256
Flavisolibacter	0.026	17.259	0.097368483	0.252168467	NotSig	0.241	0.237
Romboutsia	-0.414	14.92	0.101410386	0.262160544	NotSig	0.068	0.091
Stella	2.463	11.773	0.102437522	0.264336969	NotSig	0.011	0.002
Alcanivorax	3.075	16.135	0.10297202	0.265236593	NotSig	0.046	0.005
Aridibacter	-0.024	16.021	0.104582199	0.266173766	NotSig	0.415	0.422
Tabrizicola	13.107	8.966	0.105756061	0.266173766	NotSig	0.001	0
Nitriliruptor	13.522	9.966	0.105759544	0.266173766	NotSig	0.001	0
Leptonema	13.844	9.966	0.105759544	0.266173766	NotSig	0.001	0
Thiomonas	13.522	9.966	0.105759544	0.266173766	NotSig	0.001	0
Methanobacterium	13.107	8.966	0.105759544	0.266173766	NotSig	0.001	0
Neisseria	13.845	9.967	0.105759544	0.266173766	NotSig	0.001	0
Idiomarina	14.329	10.55	0.105760704	0.266173766	NotSig	0.002	0
Phascolarctobacterium	14.33	10.966	0.105760704	0.266173766	NotSig	0.002	0
Gillisia	15.223	12.136	0.105760704	0.266173766	NotSig	0.004	0
Acetanaerobacterium	13.107	8.966	0.105760704	0.266173766	NotSig	0.001	0
Deinobacterium	16.651	13.551	0.105760704	0.266173766	NotSig	0.01	0
Nibrella	15.429	12.288	0.105760704	0.266173766	NotSig	0.004	0
Kinneretia	1.202	11.288	0.1069581	0.268713396	NotSig	0.011	0.005
Anaerotruncus	0.385	12.136	0.115099494	0.288659012	NotSig	0.017	0.013
Natranaerovirga	-0.66	10.55	0.116529168	0.291731796	NotSig	0.002	0.004
Thermobacillus	3.915	12.966	0.118051251	0.295024755	NotSig	0.015	0.001
Amorphus	-0.664	13.053	0.12098145	0.301819108	NotSig	0.043	0.068
Methylococcus	1.258	14.25	0.122747834	0.30556871	NotSig	0.013	0.005
Agrococcus	1.938	13.287	0.122912712	0.30556871	NotSig	0.065	0.017
Pusillimonas	1.607	10.966	0.123162594	0.305657428	NotSig	0.006	0.002
Zhizhongheella	0.025	13.358	0.124832366	0.309263519	NotSig	0.1	0.098
Mechercharimyces	3.122	12.136	0.125181155	0.309590135	NotSig	0.009	0.001
Cellulomonas	1.698	13.721	0.126076916	0.311266019	NotSig	0.096	0.03
Rubellimicrobium	1.924	15.943	0.126307718	0.311297259	NotSig	0.194	0.051
Intestinimonas	-1.615	9.966	0.128810742	0.314726985	NotSig	0.001	0.003
Sporolactobacillaceae_incertae_sedis	2.311	12.551	0.129087947	0.314726985	NotSig	0.017	0.003
Aspromonas	1.836	11.966	0.129796748	0.314726985	NotSig	0.012	0.003
Syntrophobacter	-12.723	8.967	0.130123471	0.314726985	NotSig	0	0.001
Xenophilus	-12.722	8.966	0.130123471	0.314726985	NotSig	0	0.001
Tistlia	-12.722	8.967	0.130125383	0.314726985	NotSig	0	0.001
Desulforhopalus	-12.722	8.966	0.130125383	0.314726985	NotSig	0	0.001
Desulfococcus	-12.722	8.967	0.130125383	0.314726985	NotSig	0	0.001
Kallotenue	-17.246	13.721	0.130125383	0.314726985	NotSig	0	0.016
Methanothrix	-12.722	8.967	0.130125383	0.314726985	NotSig	0	0.001
Andreprevotia	-12.722	8.966	0.130125383	0.314726985	NotSig	0	0.001
Granulibacter	-2.199	8.967	0.131913451	0.318511835	NotSig	0	0.001
Cnuella	4.4	14.638	0.133354467	0.321447339	NotSig	0.057	0.003
Rubinisphaera	-0.67	13.966	0.136174831	0.327692215	NotSig	0.057	0.091
Mucilaginibacter	3.029	13.966	0.136568443	0.328086142	NotSig	0.044	0.005
Gallionella	3.5	11.966	0.139226377	0.33390931	NotSig	0.004	0
Mariniphaga	2.606	9.966	0.140618366	0.336681892	NotSig	0.002	0
Comamonas	1.385	9.967	0.142550785	0.340736969	NotSig	0.003	0.001
Amaricoccus	2.121	8.967	0.143432417	0.342271002	NotSig	0.001	0
Litorilinea	0.459	16.341	0.148945425	0.354833257	NotSig	0.12	0.087
Lentilitoribacter	-0.113	11.551	0.152893476	0.362814848	NotSig	0.005	0.005
Truepera	-1.503	13.214	0.152963653	0.362814848	NotSig	0.013	0.038
Terrimicrobium	0.652	15.536	0.153058541	0.362814848	NotSig	0.038	0.024
Nitrosospira	0.575	15.409	0.153663185	0.363644054	NotSig	0.16	0.107
Rickettsia	0.336	12.666	0.154412908	0.364813277	NotSig	0.009	0.007
Oligoflexus	-1.106	11.551	0.154969504	0.365523111	NotSig	0.005	0.01
Terrisporobacter	0.147	15.096	0.158256882	0.372661008	NotSig	0.106	0.096
Yersinia	1.303	11.288	0.16721905	0.393116285	NotSig	0.005	0.002
Kaistia	4.104	18.458	0.169715394	0.398328729	NotSig	0.238	0.014
Bellilinea	-2.411	14.944	0.170093591	0.398560844	NotSig	0.017	0.089
Desulfomonile	-0.937	9.966	0.170910202	0.399817801	NotSig	0.002	0.003
Rhodocyclus	-3.2	11.967	0.177949238	0.415603213	NotSig	0.001	0.005
Schlesneria	-2.522	10.966	0.178719488	0.416720114	NotSig	0.001	0.003
Nonomuraea	-0.302	11.288	0.180861483	0.419363703	NotSig	0.012	0.015
Acidicaldus	-1.522	8.966	0.18105532	0.419363703	NotSig	0.001	0.002
Georgfuchsia	-1.2	9.966	0.183430268	0.419363703	NotSig	0.001	0.002
Parasegetibacter	-0.222	13.824	0.186118501	0.419363703	NotSig	0.057	0.066
Desulfohalobium	-0.615	10.551	0.186709102	0.419363703	NotSig	0.003	0.004
Marinobacterium	12.522	8.966	0.187785755	0.419363703	NotSig	0.001	0
Lacihabitans	12.522	8.965	0.187785755	0.419363703	NotSig	0.001	0
Spongiibacterium	12.522	8.966	0.187785755	0.419363703	NotSig	0.001	0
Spiribacter	12.522	8.966	0.187785755	0.419363703	NotSig	0.001	0
Pelagicola	12.522	8.966	0.187785755	0.419363703	NotSig	0.001	0
Pseudorhodobacter	12.522	8.966	0.187785755	0.419363703	NotSig	0.001	0
Maribius	12.522	8.966	0.187785755	0.419363703	NotSig	0.001	0
Boseongicola	12.522	8.966	0.187785755	0.419363703	NotSig	0.001	0
Sporichthya	12.522	8.966	0.187785755	0.419363703	NotSig	0.001	0
Gaetbulibacter	12.522	8.966	0.187785755	0.419363703	NotSig	0.001	0
Candidatus_Pelagibacter	13.107	9.966	0.187787951	0.419363703	NotSig	0.001	0
Parabacteroides	13.523	9.967	0.187787951	0.419363703	NotSig	0.001	0
Gracilimonas	13.107	9.966	0.187787951	0.419363703	NotSig	0.001	0
Rhodothermus	15.915	12.967	0.187787951	0.419363703	NotSig	0.006	0
Aquimonas	15.844	12.425	0.187787951	0.419363703	NotSig	0.006	0
Thalassococcus	13.107	9.966	0.187787951	0.419363703	NotSig	0.001	0
Aerococcus	12.523	8.967	0.187787951	0.419363703	NotSig	0.001	0
Chitinimonas	13.522	10.551	0.187787951	0.419363703	NotSig	0.001	0
Inhella	13.844	10.551	0.187787951	0.419363703	NotSig	0.001	0
Catenibacterium	12.522	8.966	0.187787951	0.419363703	NotSig	0.001	0
Eoetvoesia	13.522	9.966	0.187787951	0.419363703	NotSig	0.001	0
Faecalibacterium	14.981	11.551	0.187787951	0.419363703	NotSig	0.003	0
Spirillum	-0.972	13.137	0.189003978	0.421013781	NotSig	0.036	0.071
Marinobacter	3.259	13.136	0.189116912	0.421013781	NotSig	0.01	0.001
Desulfuromusa	1.8	10.551	0.189745634	0.421533316	NotSig	0.004	0.001
Thermovenabulum	-0.441	11.288	0.189941081	0.421533316	NotSig	0.003	0.004
Advenella	1.537	9.967	0.19040691	0.421910964	NotSig	0.003	0.001
Desulfonatronospira	1.674	10.551	0.195016623	0.431455382	NotSig	0.003	0.001
Acidiphilium	1.274	10.551	0.195704965	0.432308027	NotSig	0.007	0.003
Thiohalobacter	-1.436	11.967	0.196626355	0.433672038	NotSig	0.013	0.036
Leptolinea	-1.533	12.965	0.205522328	0.452593151	NotSig	0.008	0.023
Desulfurispora	2.607	13.666	0.210067557	0.461889683	NotSig	0.054	0.009
Methylibium	-1.155	14.137	0.210971967	0.463164612	NotSig	0.038	0.084
Sterolibacterium	-4.058	13.288	0.211569822	0.463763649	NotSig	0.002	0.029
Rhodoferax	1.523	14.747	0.216702869	0.474286801	NotSig	0.071	0.025
Nocardiopsis	0.305	14.721	0.218596628	0.477568737	NotSig	0.039	0.031
Geminicoccus	-1.544	16.747	0.218871727	0.477568737	NotSig	0.038	0.111
Novosphingobium	2.784	16.105	0.221432081	0.482417679	NotSig	0.368	0.053
Luteimicrobium	-1.641	16.116	0.227915259	0.495785174	NotSig	0.027	0.083
Trichococcus	3.385	10.966	0.230076232	0.499724175	NotSig	0.004	0
Sideroxydans	2.607	10.966	0.23117887	0.501356	NotSig	0.002	0
Herbiconiux	1.385	10.55	0.23667477	0.51249605	NotSig	0.004	0.001
Subdivision3_genera_incertae_sedis	-0.544	13.874	0.241253472	0.521619249	NotSig	0.115	0.167
Aquicella	1.312	13.873	0.24378624	0.52629798	NotSig	0.023	0.009
Thalassobius	-2.2	9.967	0.251580161	0.542303459	NotSig	0	0.001
Desulfuribacillus	-1.785	8.966	0.25288511	0.544294196	NotSig	0	0.001
Oleiagrimonas	-1.784	8.967	0.254209075	0.546319804	NotSig	0	0.001
Smaragdicoccus	1.187	11.967	0.266332054	0.571512544	NotSig	0.01	0.004
Dyadobacter	-0.655	14.251	0.27533417	0.589942735	NotSig	0.083	0.131
Luteimonas	0.036	14.458	0.280051378	0.599059988	NotSig	0.175	0.171
Oxalicibacterium	-1.511	12.426	0.280428922	0.599059988	NotSig	0.008	0.023
Oceanobacillus	0.575	15.176	0.281402275	0.599655249	NotSig	0.075	0.05
Intestinibacter	-0.837	10.551	0.281548015	0.599655249	NotSig	0.003	0.005
Pelagibius	2.121	10.966	0.283820317	0.599830062	NotSig	0.004	0.001
Pseudonocardia	1.099	14.61	0.286300212	0.599830062	NotSig	0.221	0.103
Eubacterium	-11.723	8.966	0.286674213	0.599830062	NotSig	0	0
Aequorivita	-11.723	8.967	0.286674213	0.599830062	NotSig	0	0
Jannaschia	-11.723	8.966	0.286674213	0.599830062	NotSig	0	0
Pleomorphomonas	-11.723	8.967	0.286674213	0.599830062	NotSig	0	0
Undibacterium	-11.723	8.966	0.286674213	0.599830062	NotSig	0	0
Afifella	-11.724	8.967	0.286674213	0.599830062	NotSig	0	0
Tindallia	-11.723	8.967	0.286674213	0.599830062	NotSig	0	0
Herpetosiphon	-11.723	8.966	0.286674213	0.599830062	NotSig	0	0
Amnibacterium	-11.723	8.966	0.286674213	0.599830062	NotSig	0	0
Ancalomicrobium	-11.722	8.965	0.286674213	0.599830062	NotSig	0	0
Lysinibacillus	2.477	15.135	0.288321901	0.602394367	NotSig	0.081	0.015
Melioribacter	0.356	14.721	0.291966266	0.609116757	NotSig	0.085	0.066
Planifilum	2.582	15.897	0.294265859	0.613018075	NotSig	0.281	0.047
Halothiobacillus	-0.288	11.287	0.297468322	0.618786146	NotSig	0.005	0.006
Microvirga	0.829	15.861	0.299038633	0.621147205	NotSig	0.48	0.27
Thauera	0.788	14.096	0.300822046	0.6239434	NotSig	0.067	0.039
Prolixibacter	0.343	12.426	0.302259929	0.626015848	NotSig	0.02	0.016
Bryocella	-0.579	9.966	0.305123396	0.63103056	NotSig	0.003	0.004
Acidiferrobacter	-0.407	10.551	0.307169263	0.634342314	NotSig	0.004	0.005
Jahnella	-0.596	10.966	0.320031619	0.659949596	NotSig	0.006	0.008
Derxia	-1.479	13.609	0.32821073	0.667865844	NotSig	0.043	0.119
Hydrotalea	-0.007	11.966	0.329210161	0.667865844	NotSig	0.009	0.009
Phaselicystis	0.492	13.966	0.331929932	0.667865844	NotSig	0.037	0.026
Ammoniibacillus	1.185	13.425	0.332027138	0.667865844	NotSig	0.038	0.017
Modestobacter	2.724	16.214	0.333116773	0.667865844	NotSig	0.246	0.037
Labrenzia	1.385	9.966	0.337150034	0.667865844	NotSig	0.002	0.001
Acidimicrobium	-0.95	10.966	0.34100209	0.667865844	NotSig	0.006	0.013
Pseudoruegeria	0.537	9.966	0.344455293	0.667865844	NotSig	0.001	0.001
Desulfovermiculus	0.732	13.053	0.344468533	0.667865844	NotSig	0.006	0.004
Nisaea	0.589	11.551	0.347381564	0.667865844	NotSig	0.011	0.007
Phycisphaera	-0.012	12.426	0.352398733	0.667865844	NotSig	0.012	0.012
Arcobacter	13.108	10.551	0.354056992	0.667865844	NotSig	0.001	0
Roseibacillus	13.523	10.967	0.354056992	0.667865844	NotSig	0.001	0
Salinirepens	11.523	8.966	0.354056992	0.667865844	NotSig	0	0
Methylophaga	11.522	8.965	0.354056992	0.667865844	NotSig	0	0
Parachlamydia	11.523	8.966	0.354056992	0.667865844	NotSig	0	0
Draconibacterium	11.523	8.966	0.354056992	0.667865844	NotSig	0	0
Lishizhenia	13.107	10.551	0.354056992	0.667865844	NotSig	0.001	0
Marivirga	11.523	8.966	0.354056992	0.667865844	NotSig	0	0
Fusibacter	14.33	11.773	0.354056992	0.667865844	NotSig	0.002	0
Sulfitobacter	11.523	8.967	0.354056992	0.667865844	NotSig	0	0
Silanimonas	11.523	8.967	0.354056992	0.667865844	NotSig	0	0
Treponema	13.108	10.551	0.354056992	0.667865844	NotSig	0.001	0
Congregibacter	11.523	8.966	0.354056992	0.667865844	NotSig	0	0
Desulfomicrobium	11.522	8.965	0.354056992	0.667865844	NotSig	0	0
Blautia	11.523	8.966	0.354056992	0.667865844	NotSig	0	0
Marixanthomonas	11.523	8.967	0.354056992	0.667865844	NotSig	0	0
Cobetia	11.523	8.966	0.354056992	0.667865844	NotSig	0	0
Lutimonas	11.523	8.966	0.354056992	0.667865844	NotSig	0	0
Gallaecimonas	11.522	8.965	0.354056992	0.667865844	NotSig	0	0
Oceanicella	11.522	8.965	0.354056992	0.667865844	NotSig	0	0
Algiphilus	13.522	10.965	0.354056992	0.667865844	NotSig	0.001	0
SR1_genera_incertae_sedis	11.523	8.966	0.354056992	0.667865844	NotSig	0	0
Marispirillum	11.523	8.966	0.354056992	0.667865844	NotSig	0	0
Thiodictyon	11.523	8.966	0.354056992	0.667865844	NotSig	0	0
Pseudoclavibacter	11.523	8.966	0.354056992	0.667865844	NotSig	0	0
Coprococcus	11.523	8.966	0.354056992	0.667865844	NotSig	0	0
Citreicella	11.522	8.965	0.354056992	0.667865844	NotSig	0	0
Cesiribacter	11.523	8.966	0.354056992	0.667865844	NotSig	0	0
Litoreibacter	11.523	8.966	0.354056992	0.667865844	NotSig	0	0
Telmatocola	11.523	8.966	0.354056992	0.667865844	NotSig	0	0
Azovibrio	11.523	8.966	0.354056992	0.667865844	NotSig	0	0
Succinispira	14.33	11.774	0.354056992	0.667865844	NotSig	0.002	0
Vagococcus	12.522	9.965	0.354056992	0.667865844	NotSig	0.001	0
Uruburuella	12.522	9.966	0.354056992	0.667865844	NotSig	0.001	0
Ilyobacter	13.108	10.551	0.354056992	0.667865844	NotSig	0.001	0
Helicobacter	11.523	8.966	0.354056992	0.667865844	NotSig	0	0
Hwanghaeicola	11.522	8.965	0.354056992	0.667865844	NotSig	0	0
Dehalospirillum	11.522	8.965	0.354056992	0.667865844	NotSig	0	0
Cloacibacillus	13.844	11.288	0.354056992	0.667865844	NotSig	0.001	0
Anaeroarcus	13.107	10.55	0.354056992	0.667865844	NotSig	0.001	0
Anaerocella	11.523	8.967	0.354056992	0.667865844	NotSig	0	0
Peptostreptococcaceae_incertae_sedis	12.522	9.965	0.354056992	0.667865844	NotSig	0.001	0
Oceanimonas	13.107	10.551	0.354056992	0.667865844	NotSig	0.001	0
Papillibacter	11.522	8.965	0.354056992	0.667865844	NotSig	0	0
Alkalibacterium	11.522	8.965	0.354056992	0.667865844	NotSig	0	0
Piscibacillus	11.522	8.965	0.354056992	0.667865844	NotSig	0	0
Porphyromonas	17.077	14.52	0.354056992	0.667865844	NotSig	0.014	0
Megamonas	11.521	8.964	0.354056992	0.667865844	NotSig	0	0
Methylobacillus	14.693	12.136	0.354056992	0.667865844	NotSig	0.003	0
Marinococcus	11.523	8.966	0.354056992	0.667865844	NotSig	0	0
Nitritalea	11.523	8.966	0.354056992	0.667865844	NotSig	0	0
Nioella	11.523	8.966	0.354056992	0.667865844	NotSig	0	0
Methylothermus	11.523	8.966	0.354056992	0.667865844	NotSig	0	0
Bordetella	-1.2	9.966	0.354291832	0.667865844	NotSig	0.001	0.002
Parcubacteria_genera_incertae_sedis	1.154	11.288	0.364707912	0.686593918	NotSig	0.007	0.003
Thioprofundum	-0.2	10.551	0.367314269	0.689696838	NotSig	0.001	0.002
Ornithobacterium	-0.785	9.966	0.367322773	0.689696838	NotSig	0.001	0.002
Acidaminobacter	-0.522	9.966	0.372130237	0.697805319	NotSig	0.001	0.002
Roseimicrobium	-2.016	13.052	0.376741204	0.705524538	NotSig	0.007	0.03
Crocinitomix	1.801	9.966	0.382045624	0.714394305	NotSig	0.001	0
Lacibacter	0.712	10.966	0.382478801	0.714394305	NotSig	0.009	0.006
Caldibacillus	1.8	9.966	0.385499578	0.719095292	NotSig	0.001	0
Exiguobacterium	0.196	14.054	0.389125363	0.724911087	NotSig	0.036	0.031
Desulfatibacillum	0.799	9.967	0.390725768	0.725996968	NotSig	0.001	0.001
Roseburia	1.384	8.967	0.390725768	0.725996968	NotSig	0.001	0
Fodinicola	-0.633	13.551	0.391714685	0.726887979	NotSig	0.041	0.064
Thiohalomonas	0.8	11.55	0.397399984	0.736480229	NotSig	0.005	0.003
Chromohalobacter	-1.107	10.551	0.406089399	0.751607746	NotSig	0.002	0.005
Albimonas	1.062	9.966	0.413918363	0.765105575	NotSig	0.004	0.002
Anaerobacterium	1.385	10.55	0.41500154	0.766115392	NotSig	0.003	0.001
Carboxylicivirga	-0.392	10.551	0.416214175	0.767361276	NotSig	0.002	0.003
Geothrix	0.716	13.359	0.419776586	0.772930566	NotSig	0.034	0.021
Kitasatospora	-0.813	11.288	0.421789426	0.775635967	NotSig	0.005	0.009
Rhodocista	-0.965	12.425	0.4227739	0.77644576	NotSig	0.009	0.017
Haliea	-0.31	11.774	0.424237595	0.778132453	NotSig	0.011	0.014
Lewinella	-1.139	11.288	0.428193897	0.784380861	NotSig	0.004	0.008
Actinomycetospora	1.781	14.136	0.461724874	0.844719737	NotSig	0.069	0.02
Aeribacillus	5.378	15.251	0.463039988	0.846041054	NotSig	0.056	0.001
Microcella	1.146	12.136	0.466431131	0.851147346	NotSig	0.026	0.012
Streptosporangium	0.288	12.667	0.467824155	0.852599067	NotSig	0.03	0.024
Loktanella	1.674	11.966	0.476089644	0.866556022	NotSig	0.006	0.002
Corallococcus	1.516	11.551	0.479650626	0.871925406	NotSig	0.007	0.002
Rubrivirga	2.047	11.966	0.480884987	0.873057095	NotSig	0.006	0.001
Vampirovibrio	0.504	14.458	0.482238108	0.874401245	NotSig	0.084	0.059
Rhizocola	-1.499	12.774	0.487446396	0.88272336	NotSig	0.008	0.022
Halioglobus	0.648	9.966	0.488113254	0.882810664	NotSig	0.003	0.002
Erythrobacter	0.471	11.966	0.488920364	0.883095809	NotSig	0.013	0.009
Bacteriovorax	-0.2	9.966	0.490127457	0.883095809	NotSig	0.001	0.001
Desulfosalsimonas	-0.201	9.966	0.490127457	0.883095809	NotSig	0.001	0.001
Gracilibacillus	0.478	9.966	0.504001997	0.906949369	NotSig	0.002	0.002
Niabella	1.067	14.252	0.508447466	0.913796642	NotSig	0.068	0.032
Thermoactinomyces	1.431	13.55	0.51111687	0.917438709	NotSig	0.028	0.01
Thioalkalivibrio	-0.256	12.966	0.522240972	0.936228477	NotSig	0.045	0.053
Thalassobacillus	1.365	13.551	0.525474905	0.940844027	NotSig	0.022	0.008
Ornithinibacter	-0.499	13.966	0.531746232	0.950580583	NotSig	0.109	0.153
Rhodopirellula	-0.144	14.848	0.532499085	0.950580583	NotSig	0.116	0.128
Pseudobacteroides	2.269	13.551	0.532911329	0.950580583	NotSig	0.064	0.013
Melghirimyces	0.247	12.135	0.537126605	0.956903452	NotSig	0.013	0.011
Aquaspirillum	0.206	13.214	0.539705844	0.96029955	NotSig	0.03	0.026
Methylotenera	-1.052	14.609	0.553611366	0.983814967	NotSig	0.023	0.047
Anoxybacillus	-0.061	14.551	0.555636743	0.986186109	NotSig	0.119	0.124
Panacagrimonas	0.358	14.872	0.557327252	0.98795775	NotSig	0.047	0.036
Polynucleobacter	2.585	12.966	0.56470968	0.999802374	NotSig	0.018	0.003
Rhizobacter	1.792	13.92	0.56912806	1	NotSig	0.053	0.015
Tenacibaculum	-0.522	9.966	0.571868528	1	NotSig	0.001	0.002
Psychrobacillus	0.385	11.288	0.583375123	1	NotSig	0.003	0.002
Anaerosinus	0.063	11.287	0.584152635	1	NotSig	0.005	0.005
Archangium	0.281	12.966	0.584586856	1	NotSig	0.041	0.034
Acetonema	-0.352	10.551	0.586754343	1	NotSig	0.003	0.003
Propionivibrio	-0.785	9.967	0.587977151	1	NotSig	0.002	0.003
Altererythrobacter	1.688	14.694	0.588896044	1	NotSig	0.161	0.05
Sulfuricella	-1.047	10.965	0.590019254	1	NotSig	0.001	0.003
Microlunatus	1.098	12.551	0.590687545	1	NotSig	0.017	0.008
Kribbella	0.239	13.824	0.593252181	1	NotSig	0.096	0.082
Neochlamydia	0.885	12.773	0.594287519	1	NotSig	0.021	0.011
Iamia	0.875	12.551	0.596553814	1	NotSig	0.017	0.009
Tahibacter	0.385	9.966	0.601229498	1	NotSig	0.004	0.003
Pelagibacterium	0.452	11.288	0.60418532	1	NotSig	0.006	0.005
Vulcaniibacterium	0.063	10.551	0.610495723	1	NotSig	0.002	0.002
Geobacillus	3.575	15.581	0.610738614	1	NotSig	0.076	0.006
Hippea	0.385	9.966	0.612082452	1	NotSig	0.002	0.001
Cytophaga	1.071	14.053	0.621947868	1	NotSig	0.021	0.01
Ruminococcus	1.24	10.966	0.622369071	1	NotSig	0.006	0.002
Devosia	0.878	15.135	0.622944031	1	NotSig	0.326	0.177
Duganella	2.048	11.773	0.626486287	1	NotSig	0.011	0.003
Nitrososphaera	-1.169	18.866	0.633934208	1	NotSig	1.604	3.606
Methylomonas	2.608	11.551	0.642847967	1	NotSig	0.002	0
Polymorphobacter	2.385	11.288	0.645465442	1	NotSig	0.002	0
Mariniradius	0.8	8.967	0.645465442	1	NotSig	0.001	0
Actinopolyspora	1.8	10.551	0.645465442	1	NotSig	0.001	0
Larkinella	2.16	13.288	0.649878887	1	NotSig	0.023	0.005
Pseudenhygromyxa	0.8	8.966	0.650715783	1	NotSig	0.001	0
Sphingobium	0.821	11.966	0.660166705	1	NotSig	0.02	0.011
Phaeodactylibacter	-0.77	13.964	0.674398126	1	NotSig	0.028	0.048
Falsirhodobacter	0.105	11.288	0.677645906	1	NotSig	0.006	0.006
Microtetraspora	1.787	13.489	0.679033317	1	NotSig	0.031	0.009
Saccharicrinis	-0.593	13.773	0.679592774	1	NotSig	0.034	0.051
Rhodovulum	0.428	10.966	0.689973651	1	NotSig	0.005	0.004
Planctopirus	-0.288	12.666	0.692118465	1	NotSig	0.033	0.04
Roseococcus	0.022	9.966	0.693329589	1	NotSig	0.002	0.002
Enhygromyxa	0.048	10.966	0.701929433	1	NotSig	0.011	0.011
Sinomonas	0.385	12.288	0.71422541	1	NotSig	0.016	0.012
Blastocatella	-0.622	14.323	0.726498193	1	NotSig	0.097	0.149
Solitalea	0.177	12.135	0.730743031	1	NotSig	0.022	0.019
Arenibacter	2.086	15.908	0.739820781	1	NotSig	0.164	0.039
Asticcacaulis	1.215	11.288	0.745118673	1	NotSig	0.007	0.003
Hymenobacter	1.385	12.288	0.76576981	1	NotSig	0.004	0.002
Sunxiuqinia	-1.093	10.966	0.77392317	1	NotSig	0.002	0.004
Sporobacter	0.894	12.55	0.776948775	1	NotSig	0.023	0.012
Slackia	-2.522	13.489	0.783151393	1	NotSig	0.002	0.012
Galbibacter	1.924	14.694	0.787506822	1	NotSig	0.032	0.008
Desulfobulbus	-0.562	12.136	0.787796657	1	NotSig	0.014	0.021
Dethiobacter	2.491	14.897	0.796090613	1	NotSig	0.12	0.021
Nakamurella	0.467	14.458	0.804743428	1	NotSig	0.064	0.046
Chitinophaga	0.055	16.544	0.808993382	1	NotSig	0.39	0.375
Kroppenstedtia	1.8	12.966	0.815312575	1	NotSig	0.013	0.004
Colwellia	-0.522	9.966	0.819934956	1	NotSig	0.001	0.002
Turneriella	1.386	10.966	0.826724516	1	NotSig	0.003	0.001
Flavihumibacter	0.058	10.967	0.827380544	1	NotSig	0.018	0.017
Lentibacillus	0.988	16.418	0.83060381	1	NotSig	0.263	0.132
Mogibacterium	0.648	10.551	0.831281974	1	NotSig	0.005	0.003
Actinoplanes	0.145	14.458	0.832317669	1	NotSig	0.102	0.093
Arenimonas	0.407	14.424	0.833646555	1	NotSig	0.087	0.066
Phyllobacterium	0.537	9.966	0.839865894	1	NotSig	0.001	0.001
Prosthecomicrobium	-0.2	9.966	0.841024144	1	NotSig	0.001	0.002
Methylocystis	0.433	14.214	0.844705513	1	NotSig	0.103	0.076
Terrabacter	0.168	12.873	0.84715797	1	NotSig	0.061	0.055
Rhodobacter	0.286	10.966	0.85161008	1	NotSig	0.002	0.002
Kineosporia	0.895	12.965	0.864122306	1	NotSig	0.046	0.025
Ornithinimicrobium	1.429	13.054	0.873001087	1	NotSig	0.01	0.004
Ornithinibacillus	0.863	17.115	0.87813181	1	NotSig	0.323	0.178
Reyranella	0.183	14.25	0.881026146	1	NotSig	0.229	0.202
Sporolituus	1.424	13.357	0.881573218	1	NotSig	0.011	0.004
Microbulbifer	1.121	10.965	0.896681585	1	NotSig	0.001	0.001
Cereibacter	-0.2	8.966	0.896681585	1	NotSig	0.001	0.001
Brevifollis	0.385	9.965	0.899188679	1	NotSig	0.001	0.001
Eionea	0.8	9.967	0.901696251	1	NotSig	0.001	0.001
Akkermansia	-0.989	12.425	0.906818066	1	NotSig	0.003	0.006
Ethanoligenens	-0.377	11.551	0.921748915	1	NotSig	0.007	0.009
Saccharibacillus	-1.2	9.966	0.921751071	1	NotSig	0	0.001
Paraferrimonas	-0.963	13.359	0.923393885	1	NotSig	0.033	0.064
Pontibacter	0.345	14.58	0.924627987	1	NotSig	0.09	0.071
Levilinea	-0.2	8.965	0.925296811	1	NotSig	0	0
Methyloligella	1.384	10.55	0.928844777	1	NotSig	0.001	0
Paludibacter	3.97	13.136	0.928844777	1	NotSig	0.005	0
Sandarakinorhabdus	0.799	9.966	0.928844777	1	NotSig	0.001	0
Polaribacter	-0.199	8.967	0.928844777	1	NotSig	0	0
Methanoregula	-0.199	8.966	0.928844777	1	NotSig	0	0
Lysinimonas	1.648	11.773	0.929213301	1	NotSig	0.005	0.002
Gp14	0.141	10.551	0.934035163	1	NotSig	0.006	0.005
Virgibacillus	-0.2	10.966	0.953800138	1	NotSig	0.003	0.003
Tepidisphaera	1.281	16.185	0.954142597	1	NotSig	0.177	0.073
Cryptosporangium	1.209	16.709	0.965914991	1	NotSig	0.197	0.085
Cupriavidus	1.55	16.366	0.97068947	1	NotSig	0.31	0.106
Thermodesulfovibrio	-3.644	13.72	0.971568013	1	NotSig	0.003	0.033
Magnetospirillum	1.229	11.774	0.975960631	1	NotSig	0.01	0.004
Marinoscillum	-0.007	9.966	0.980095192	1	NotSig	0.002	0.002
Thermomonas	0.772	11.966	0.985811445	1	NotSig	0.015	0.009
Desulfatiglans	-3.177	13.135	0.98921434	1	NotSig	0.002	0.021
